EffectColorA: 16
EffectColorB: 17
Effects: LethalWater-1-237-108, 
PlacedObjects: WaterCycleTop><278.6648><216.1751><, WaterCycleBottom><269.1938><59.82489><, FluxWaterfall><1140><660><3~0.9328732~D~0~0, FluxWaterfall><960><660><3~0.9328732~D~0~0, FluxWaterfall><780><660><3~0.9328732~D~0~0, FluxWaterfall><600><660><3~0.9328732~D~0~0, FluxWaterfall><60><660><3~0.9004072~D~0~0, FluxWaterfall><240><660><3~0.9004072~D~0~0, FluxWaterfall><420><660><3~0.9004072~D~0~0, FluxWaterfall><-120><660><3~0.9220511~D~0~0, FluxDrain><1140><80><3~0.5~D~0~0, FluxDrain><960><80><3~0.5~D~0~0, FluxDrain><-120><80><3~0.5~D~0~0, FluxDrain><60><80><3~0.5~D~0~0, FluxDrain><240><80><3~0.5~D~0~0, FluxDrain><780><80><3~0.5~D~0~0, FluxDrain><600><80><3~0.5~D~0~0, FluxDrain><420><80><3~0.5~D~0~0, LightSource><801.0035><375.9915><0.1342541~Environment~249.8975~224~-35.62225~-141.3975~1~1~None~0~0, LightSource><1159.074><370.1049><0.1342541~Environment~-259.8536~139~50~86.60254~1~1~None~0~0, LightSource><-74.15663><370.9712><0.1342541~Environment~191.1566~181~50~86.60254~1~1~None~0~0, LightSource><974.9121><373.0262><0.1342541~Environment~196.1346~175~50~86.60254~1~1~None~0~0, LightSource><113.0049><364.2886><0.1342541~Environment~199.1215~144~50~86.60254~1~1~None~0~0, LightSource><463.4744><361.2764><0.1342541~Environment~243.9239~237~-16.70569~-436.3975~1~1~None~0~0, LightSource><631.4448><371.2495><0.1342541~Environment~262.8404~68~105.754~-439.3975~1~1~None~0~0, CustomDecal><-131.1993><36.30669><-112.5037~635~1506.53~734~1352.211~-3~0~1.525879E-05~0~1~0~blackrust1~0.2727417~1~0.2727417~1~0.2727417~1~0.2727417~1, Hazer><447.5252><274.6006><0~0~7~10, Corruption><8.393494><432.6392><5~48, Corruption><446.3579><145.6684><0~100, Corruption><362.1541><436.1226><8~44, Corruption><715.3581><102.4182><0~100, Corruption><8.799988><357.4966><8~48, CorruptionTube><167.189><304.6848><-159~168, CorruptionTube><1054.051><261.0162><-125~206, Corruption><9.689209><282.5594><11~44, Corruption><93.30908><340.4411><0~100, StuckDaddy><78.53055><373.3024><-67~53, CorruptionTube><377.3527><431.9216><149~-83, 
FadePalette: 35786, 1
