EffectColorA: 16
EffectColorB: 17
PlacedObjects: FluxDrain><320><220><16~0.5~D~0~0, WaterCycleTop><480.3247><350.9036><, WaterCycleBottom><479.7079><190.9515><, FluxWaterfall><340><1260><14~0.9181173~D~0~0, Pomegranate><487.8722><658.1497><-61.32281~-170.6051~7~10~-167.3818~47.83978, CustomDecal><50.29002><42.52956><-15.38675~1280.418~925.5921~1266.75~941.8336~-13.66852~-229.0914~110.2025~0~1~0~blackrust1~0.2584209~1~0.2584209~1~0.2584209~1~0.2584209~1, WaterNut><793.0206><435.5412><0~0~2~3, WaterNut><690.5853><400.527><0~0~2~3, WaterNut><713.5977><422.7197><0~0~2~3, PomegranateVine><334.8415><860.74><293.2029~-72.56509, Corruption><376.5776><873.6486><0~100, CorruptionTube><631.6315><1192.349><-337~-11, Corruption><468.0111><1224.7><27~154, Corruption><640.8713><591.8411><27~109, 
AmbientSounds: SPOT><RWTW_AmbSubBubble.ogg><49.15572><403.3035><0.1562142><1><299.2095><448.3093><-197.7709><-87.46655><0><0.3601622, 
FadePalette: 35786, 1, 1
