EffectColorA: 16
EffectColorB: 17
PlacedObjects: CustomDecal><374.4755><238.382><-29.06378~384.2758~626.4057~400.5073~630.6796~9.397095~-524.0038~-33.31702~0.01858305~1~1~rustb1~0.5~1~0.5~1~0.5~1~0.5~1, 
FadePalette: 35786, 1