EffectColorA: 16
EffectColorB: 17
PlacedObjects: CustomDecal><-70.94629><129.4191><-10.25781~628.6007~767.4507~650.812~749.4995~58.09114~-186.3504~81.15675~0~1~0~rustb3~0.3809518~1~0.3809518~1~0.3809518~1~0.3809518~1, FluxWaterfall><200><680><3~0.9738663~D~0~0, Corruption><406.1642><396.8858><-2~109, Corruption><318.1474><293.0783><13~29, Corruption><513.5669><467.1696><11~36, Corruption><207.6225><613.6541><-6~52, CorruptionTube><293.6995><286.6935><-88~333, 
AmbientSounds: SPOT><RWTW_AmbSubBubble.ogg><755.9201><275.4754><0.1933799><1><811.9302><677.7023><-170.4166><-135.3064><0><0.2300806, 
FadePalette: 35786, 1
