EffectColorA: 16
EffectColorB: 17
PlacedObjects: WaterCycleTop><429.7255><181.9363><, WaterCycleBottom><442.098><45.26898><, FluxDrain><-220><60><3~0.5~D~0~0, FluxDrain><-40><60><3~0.5~D~0~0, FluxDrain><380><60><6~0.5~D~0~0, FluxWaterfall><380><640><6~0.9220515~D~0~0, FluxWaterfall><-220><640><3~0.9220515~D~0~0, FluxWaterfall><-40><640><3~0.9220515~D~0~0, CustomDecal><1117.804><-24.68068><-14.93408~756~-1635.608~772~-1637.599~52~-475.5491~269~0~1~0~blackrust1~0.2510981~1~0.2510981~1~0.2510981~1~0.2510981~1, LightSource><884.6093><347.3109><0.1342548~Environment~135.4026~134~50~86.60254~1~1~None~0~0, LightSource><413.8117><369.1014><0.1342548~Environment~291.713~121~50~86.60254~1~1~None~0~0, LightSource><40.4592><361.1049><0.1342548~Environment~181.2006~165~50~86.60254~1~1~None~0~0, LightSource><-177.5782><357.1127><0.1342548~Environment~226.0029~128~-112.284~-160.3975~1~1~None~0~0, WaterNut><623.3761><279.3161><0~0~2~3, WaterNut><657.6262><298.2931><0~0~2~3, Corruption><254.1945><354.2964><12~183, Corruption><421.5649><567.1743><-2~121, CorruptionTube><302.7754><250.167><219~281, CorruptionTube><89.25032><259.4819><247~126, WarpPoint><451.5508><334.7324><0~0~looker~looker~WDSR~wdsr_a07~NULL~NULL~dd9b3818-3ae6-40fd-a2b1-7412d33d6c78~WatcherOnly~0~6~8~4~8~4~4~4~7~150~150~-1~0~0~true~false~false~false~false~0~-1~false~-1~false~-1~false, 
FadePalette: 35786, 1
