Clouds: 0.4924499
EffectColorA: 16
EffectColorB: 17
PlacedObjects: CustomDecal><1121.506><45.83008><-8.548187~614.9321~804.2078~613.2236~801.6433~5.979973~-288.9286~81.15683~0~1~0~rustb1~0.3141699~1~0.3141699~1~0.3141699~1~0.3141699~1, CustomDecal><702.8224><394.8282><-32.48315~169.8509~563.1489~43.41711~452.0225~-193.9222~-849.6896~246.0334~0.3159112~1~0~deepblacksquare~1~0~1~0~1~0~1~0, CustomDecal><1248.863><943.9798><133.3517~1248.81~670.0013~791.7685~749.4993~5.97998~0~0~0~1~0~rustb2~0.388502~1~0.388502~1~0.388502~1~0.388502~1, LightBeam><1419.083><1437.481><12.82233~622.6206~132.3204~613.2235~201.5607~-5.979979~0~0~0.5022066~0~0~1~None~0~0, LightSource><1552.677><1239.333><0.1173069~Environment~338.5082~-56.33371~50~86.60254~1~1~None~0~0, CustomDecal><143.9584><401.0836><15.38675~1202.678~613.5833~1214.638~637.5182~-5.125696~0~0~0~1~0~rustb2~0.3048786~1~0.3048786~1~0.3048786~1~0.3048786~1, CustomDecal><1130.559><657.9854><-8.548187~-585.3348~971.7522~-592.1691~963.204~-26.48279~20.51563~-558.7008~0~1~0~blackrust1~0.2862954~1~0.2862954~1~0.2862954~1~0.2862954~1, FluxWaterfall><380><1540><9~0.9088261~D~0~0, 
AmbientSounds: SPOT><AM_ENV-LightWind.ogg><470.0859><587.8741><0.3234611><1><1497.371><2026.929><-128.5306><-49.87814><0><0.4623685, SPOT><SO_IND-Boiler.ogg><246.6779><500.1532><0.2305464><1><195.8358><1454.026><109.109><-64.40097><0><0.2579551, SPOT><SO_IND-Boiler.ogg><656.8145><607.4819><0.1933799><1><1403.719><647.5932><161.2529><-127.6179><0><0.1650404, SPOT><AM_WIN-NiceWnd.ogg><789.4421><517.9139><0.2677121><0.5484332><1921.015><78.77261><-35.35534><-35.35534><0><0.3787457, SPOT><RWTW_AmbSubBubble.ogg><744.8657><275.812><0.1655061><1><1340.468><256.1235><-14.83969><-175.4577><0><0.2486639, SPOT><AM_WIN-NiceWnd.ogg><191.8778><288.3543><0.3606276><0.8327528><1496.124><1288.639><-243.0763><-90.8837><0><0.2672468, 
FadePalette: 35786, 1, 1, 1, 1, 1