TerrainLight: 0.3141931
TerrainStainAmount: 0.4552188
TerrainStainHeight: 1
TerrainWaves: 0.4273496
TerrainGooHeight: 0.1081384
TerrainDepth: 1.270858
TerrainPalette: badlands
Effects: Flies-0.05574137-292.3927-192.3137, RockFlea-0.08361186-44.27347-131.4082, SandPuffs-1-304.3586-37.68855, HeatWave-0.05574133-303.2474-111.7597, 
PlacedObjects: TerrainHandle><427.9559><105.4429><-99.8291‾25.62848‾99.8291‾-25.62848‾155.8309, TerrainHandle><717.9312><100.8652><-138.2906‾12.81424‾138.2906‾-12.81424‾74.67413, TerrainHandle><232.3582><134.4243><-92.13669‾-14.52281‾95.55551‾5.125702‾59.29703, TerrainHandle><1554.732><63.51994><-119.4871‾28.1913‾92.13678‾14.52283‾149.851, TerrainHandle><892.8884><61.54762><-43.4188‾-17.93993‾43.4188‾17.93993‾59.29699, TerrainHandle><1122.345><84.36029><-106.6666‾-13.66853‾106.6666‾13.66853‾195.1279, TerrainHandle><1301.019><61.22971><-68.20508‾-12.81423‾68.20508‾12.81423‾131.0567, BlackSpot><264.303><106.8689><-9.401703‾-176.1335‾110.0854‾-170.1535‾92.13672‾-3.417099, BlackSpot><626.1206><77.29804><-14.53003‾-135.9822‾193.8459‾-120.6051‾191.2818‾-18.79421, BlackSpot><1967.221><244.1806><-80.34186‾-125.7308‾29.74353‾-160.7564‾239.1451‾-74.32259, TerrainHandle><1679.808><103.1914><-76.75208‾10.2514‾76.75208‾-10.2514‾20, TerrainRubble><1537.176><136.0435><170.9399‾127.337, TerrainRubble><365.8925><142.0946><311.1107‾53.86874, CustomDecal><1193.472><20.70423><-18.80341‾155.3281‾223.7604‾139.0968‾212.6493‾10.2514‾-285.4697‾-119.5996‾0‾0.2010415‾0‾BL_Sand‾0.5‾0‾0.5‾0‾0.5‾0‾0.5‾0, CustomDecal><-199.7785><412.3555><-6.837598‾496.1869‾395.555‾499.604‾435.7258‾9.397064‾-184.6151‾-340.8587‾0‾1‾1‾rustymetal‾0.5‾1‾0.5‾1‾0.1841326‾1‾0.1283914‾1, CustomDecal><12.14996><107.3162><-18.80339‾381.713‾261.3672‾362.9188‾251.1107‾-5.97998‾-89.74339‾-349.4016‾0‾0.3125242‾0‾rustb1‾0.5‾1‾0.5‾1‾0.5‾1‾0.5‾1, CustomDecal><961.7267><-17.92892><-37.6068‾368.8988‾771.6229‾231.3593‾633.1616‾-9.397106‾268.3757‾-284.476‾0.1858043‾1‾1‾rf_sand‾0.3234858‾1‾0.3234858‾1‾0.3234858‾1‾0.3234858‾1, CustomDecal><420.3171><93.98769><-7.692383‾213.4194‾999.8275‾199.7508‾1022.05‾-16.23137‾-518.7433‾57.50052‾0.3251581‾0.461167‾0‾snt‾0.3901885‾0.3344461‾0.241544‾0.3344461‾0.4552194‾0.3344461‾0‾0.3344461, LocustCloud><1750.609><665.3969><-3‾-318, SandGrubNetwork><32.17517><496.2582><0‾0‾2‾3‾0.3043478‾1‾0.5, SandGrubHole><386.4993><126.0945><, SandGrubHole><542.8242><112.2318><, LocustCloud><319.9506><654.7993><199.1728‾45.32593, 
AmbientSounds: OMNI><AM_WIN_Hilltop.ogg><25.91716><510.6766><0.4163881><1, SPOT><AM_ENV-NatWind.ogg><232.1085><463.2754><0.3699367><1><1404.792><716.8572><247.5502><-234.4032><0><0.1092901, SPOT><AM_ENV-NatWind.ogg><27.43411><380.7382><0.3513568><1><869.7317><747.0853><-147.321><-87.46655><0><0.1, SPOT><AM_ENV-NatWind.ogg><735.3754><490.5115><0.3792273><1><431.5208><671.4792><-134.5005><-160.9349><0><0.1929023, SPOT><SO_IND-WinFan.ogg><672.6521><294.742><0.2212936><1><134.6099><361.2359><-45.61172><-50.73245><0><0.1, 
Triggers: RegionBump<tA>event<tB>MusicEvent<eA>songName<eB>BM_RWTW_TAG_05<eA>vol<eB>0.3<eA>prio<eB>0.5<eA>mxThrt<eB>1<eA>loop<eB>0<eA>droneTol<eB>0<eA>rooms<eB>-1<eA>rest<eB>5<eA>fadeIn<eB>0<eA>oneSongPerCycle<eB>0<eA>stopAtDeath<eB>0<eA>stopAtGate<eB>0<tA>multiUse<tB>0<tA>toCycle<tB>-1<tA>fromCycle<tB>0<tA>delay<tB>0<tA>panPos<tB>751.8641<tB>436.2684<tA>fireChance<tB>1<tA>entrance<tB>-1<tA>karma<tB>0<tA>slugcats<tB>, 
