Clouds: 0.1021928
Palette: 99
TerrainLight: 0.7972863
TerrainStainAmount: 0.1858043
TerrainStainHeight: 1
TerrainWaves: 0.7896689
TerrainGooHeight: 0.1452995
TerrainGrain: 0.3685807
TerrainDepth: 1.967634
TerrainPalette: badlands_2
Effects: LightBurn-0.176514-23.16238-125.6796, 
PlacedObjects: LightSource><550.1147><388.0921><0.516908~Environment~312.8201~14.57178~50~86.60254~1~0~None~0~0, CustomDecal><185.2755><110.0021><-5.128143~584.1779~533.1617~590.1579~519.4865~16.23137~-401.7088~216.1335~0~0.6469723~1~rustb3~0.6765137~1~0.6765137~1~0.6765137~1~0.6765137~1, TerrainHandle><471.8182><71.49439><-61.36749~12.81422~61.36749~-12.81422~135.3281, TerrainHandle><635.5994><78.18855><-73.33337~-6.834267~73.33337~6.834267~46.48276, TerrainHandle><796.4214><81.09088><-55.38452~-15.37708~55.38452~15.37708~86.63406, CustomDecal><275.9723><9.001877><72.64941~215.1279~602.3926~209.1479~644.2727~-7.688549~-452.9908~29.8999~0~0.8234863~0~rf_sand~0~0.3623183~0~0.3623183~0.4518774~0.3623183~0.6283916~0.3623183, 
AmbientSounds: SPOT><AM_SUB-CaveTone.ogg><738.3854><251.4408><0.3885173><1><760.1714><96.67548><-160.1415><-94.30083><0><0.360126, OMNI><AM_IND-Utility01.ogg><52.59584><511.6931><0.3978076><1, SPOT><SO_IND-MechHum01.ogg><766.8497><402.0721><0.2212936><1><711.7127><458.3146><-107.1501><-84.04944><0><0.1, 
FadePalette: 8, 0.1579336
