Template: NONE
DangerType: Sandstorm
CeilingDrips: 0
WaveSpeed: 0.5022246
WaveLength: 0.7488877
WaveAmplitude: 0.04874843
SecondWaveLength: 0.1666667
SecondWaveAmplitude: 0
Clouds: 0.1021924
Grime: 0.1562619
Palette: 99
TerrainStainAmount: 0.4830906
TerrainStainHeight: 1
TerrainWaves: 0.6503163
TerrainGooHeight: 0.0895598
TerrainDepth: 2.106993
TerrainPalette: badlands_2
Effects: ModifyEffectColorA-0.2601262,0.5,0.1005209-20-20, LightBurn-0.1207727-27.43591-121.4082, Ant-0.2879968-279.5723-161.5595, RockFlea-0.04645074-244.2732-219.3993, SandPuffs-1-302.6491-67.58842, LocustSwarmConfig-1,0.6086956,1,1,1-506-382, 
PlacedObjects: TerrainHandle><828.9871><527.8667><-54.52979~3.417175~54.52979~-3.417175~48.19135, TerrainHandle><459.8467><513.8322><-40~0~40~0~66.13123, TerrainHandle><205.3528><533.6071><-40~0~40~0~59.297, TerrainHandle><1175.566><434.1143><-40~0~0~-257.9933~20, CustomDecal><-79.41161><437.4795><97.43571~249.2991~952.8192~240.7563~889.5715~-24.7742~3.418839~-350.2559~0~1~0~rf_sand~0.3141961~0.5295423~0.3141961~0.5295423~0.3141961~0.5295423~0.3141961~0.5295423, CustomDecal><707.9154><417.2682><-15.38452~254.4249~775.0415~237.3393~746.8366~-24.77423~-442.7346~-303.2703~0~1~0~rf_sand~0.3792273~0.2322554~0.3792273~0.2322554~0.3792273~0.2322554~0.3792273~0.2322554, LightSource><1606.773><247.8468><0.4983282~Environment~428.2043~35.92883~50~86.60254~1~0~None~0~0, LightSource><1638.902><374.7061><0.1360102~Environment~428.2045~-10.20239~50~86.60254~1~1~None~0~0, CustomDecal><1309.076><109.9029><-10.25635~383.4214~380.1705~390.2558~381.8797~3.41713~-547.0077~-11.10573~0.2787063~0.6469716~0~rustymetal~0.3496853~1~0.6191015~1~0.5261992~1~0.1917517~1, CustomDecal><1081.898><2.514847><-9.401703~687.5462~968.2037~718.3004~985.2979~-0.8542786~-52.99132~67.48837~0~1~1~rustb2~0.4721292~1~0.4721292~1~0.4721292~1~0.4721292~1, InsectGroup><253.2683><529.0475><198.2903~45.32593~158.1195~-206.7364~RockFlea~0.2305835, LightSource><288.797><563.0908><0.1824612~Environment~329.914~-27.28809~-175.6406~-201.2907~1~0~None~0~0, 
AmbientSounds: OMNI><AM_IND-Utility01.ogg><457.3><605.0935><0.3420675><1, SPOT><SO_IND-HeatDuct.ogg><687.769><592.855><0.3234863><1><1501.479><359.4957><-133.6458><-117.3665><0><0.2765151, SPOT><AM_WIN_Hilltop.ogg><840.1109><500.8666><0.5><1><273.8561><559.6721><-126.8081><-102.8437><0><0.4623187, SPOT><locustCloudFar.ogg><717.2568><396.8409><0.2862947><1><277.473><642.7352><-60.99991><-70.38098><0><0.6481987, SPOT><locustCloudNear.ogg><713.1551><277.1873><0.09117392><1><274.2252><650.3686><-66.12878><-66.96381><0><0.5924503, 
FadePalette: 8, 0, 0.1021924
