Grime: 0.08194003
Palette: 99
TerrainLight: 1
TerrainStainAmount: 0.3251581
TerrainStainHeight: 1
TerrainGooHeight: 0.1081397
TerrainGrain: 0.3499995
TerrainDepth: 2.246352
TerrainPalette: badlands_2
Effects: SandPuffs-1-315.4696-120.554, Ripple Settings-0-448.0063-562.218-looker-WVWB-wvwb_b05-0-1.0.0.0-456-0.9070852, 
PlacedObjects: LightSource><1334.765><1454.808><0.4797473‾Environment‾705.9819‾-363.0211‾-394.4438‾-170.5365‾1‾0‾None‾0‾0, TerrainHandle><1172.666><149.2536><-174.1879‾-8.542831‾174.1879‾8.542831‾66.98557, TerrainHandle><1713.17><181.5051><-105.8119‾-21.3571‾105.8119‾21.3571‾99.44827, TerrainHandle><1476.12><131.0172><-106.6666‾11.10568‾106.6666‾-11.10568‾31.95995, BlackSpot><1227.693><126.7908><-24.78632‾-125.7308‾169.0596‾-140.2536‾157.9485‾-21.35706, BlackSpot><1602.879><123.4128><-9.401672‾-127.4394‾136.5811‾-126.5851‾136.5811‾41.00557, LightBeam><1101.689><809.5013><-246.1535‾718.3002‾543.418‾722.5715‾675.8967‾391.2615‾-167.5211‾192.2114‾0.1021921‾0‾0‾1‾None‾0‾0, SandGrubNetwork><1316.928><402.2139><18‾93‾2‾3‾0.5‾1‾0, SandGrubHole><1416.444><141.3124><, SandGrubHole><1557.429><140.2093><, SpinningTopSpot><294.1339><1034.489><0‾0‾looker‾WVWB‾wvwb_b05‾430‾290‾9‾false, FloatingDebris><1.539215><1072.681><50‾50‾116721031‾0‾30‾0.25‾1.475609‾8‾100.8823|526.1475|697.5317‾462.6184|288.3448|447.2414‾1.616852|0.4231146|-1.048509‾0.5299875|-0.03419311|0‾-0.6069211|2.137045|1.675444‾Ripple‾0.5‾0v0v0v0|0v0v0v0|0v0v0v0‾0, FloatingDebris><-26.49701><1003.323><462.0226‾177.2881‾276386269‾0‾30‾0.25‾0.5‾9‾-97.01506|408.6033|787.7085‾313.119|369.5018|546.3382‾0.4145721|0.3183423|0.4379419‾0|0|0‾0.7436922|-0.05983704|-0.008548584‾Ripple Flow‾0.5‾0v0v0v0|0v0v0v0|0v0v0v0‾0, FloatingDebris><88.48257><251.649><50‾50‾550374911‾0‾30‾0.25‾1.085366‾17‾-173.9487|-133.3517|986.8811‾957.248|337.8932|-63.61958‾0.5170861|0.5404559|1.129911‾0|0.008548126|0‾0|-0.2308009|-0.4786987‾Ripple Flow‾0.5‾0v0v0v0|0v0v0v0|0v0v0v0‾0, 
AmbientSounds: SPOT><AM_WIN_Hilltop.ogg><463.355><590.2505><0.3699381><1><1375.227><1396.945><-354.1583><-401.8426><0><0.4158677, SPOT><AM_WIN-SubWnd.ogg><714.3765><487.6743><0.3141957><1><913.4286><376.3462><709.9426><-320.6858><0><0.2858051, OMNI><AM_SUB-CaveTone.ogg><662.7458><617.1945><0.3420669><1, SPOT><AM_SUB-BlankState.ogg><231.2849><465.953><0.3885173><1><312.8998><1013.8><546.6951><-247.2174><0><0.6295425, 
Triggers: Spot<tA>event<tB>MusicEvent<eA>songName<eB>RW_103 - Cave Drop<eA>vol<eB>0.3<eA>prio<eB>0.5<eA>mxThrt<eB>1<eA>loop<eB>0<eA>droneTol<eB>0<eA>rooms<eB>-1<eA>rest<eB>5<eA>fadeIn<eB>0<eA>oneSongPerCycle<eB>0<eA>stopAtDeath<eB>1<eA>stopAtGate<eB>0<tA>multiUse<tB>0<tA>toCycle<tB>-1<tA>fromCycle<tB>0<tA>delay<tB>0<tA>panPos<tB>777.7663<tB>276.3322<tA>fireChance<tB>1<tA>entrance<tB>-1<tA>karma<tB>0<tA>slugcats<tB><tA>pos<tB>1054.454<tB>434.997<tA>handlePos<tB>-614.4617<tB>427.3188, 
FadePalette: 8, 0.390189, 0.1672237, 0.3158675, 0.2601254
