Grime: 0.1562619
Palette: 99
TerrainLight: 0.6114801
TerrainStainAmount: 0.4366415
TerrainStainBrightness: 0.5
TerrainStainHeight: 1
TerrainWaves: 0.4518778
TerrainEdgeRadius: 73.65298
TerrainGooHeight: 0.1081384
TerrainGrain: 0.3311051
TerrainDepth: 1.131548
TerrainPalette: badlands_2
Effects: ModifyEffectColorA-0.2694163,0.5,0.1098109-20-20, LightBurn-0.1393529-269.3159-18.89433, RockFlea-0.1021924-2.649612-137.6396, Ant-0.1579338-332.5636-76.98553, SandPuffs-1-265.8971-144.4739, 
PlacedObjects: TerrainHandle><1869.07><64.48676><-94.70081~-23.06563~94.70081~23.06563~151.5594, TerrainHandle><2141.825><149.99><-122.0512~-12.81422~81.0256~4.271408~30.25139, TerrainHandle><1067.238><69.18731><-60.51276~-3.417137~60.51276~3.417137~122.5139, TerrainHandle><893.4748><95.04413><-57.09399~11.95998~57.09399~-11.95998~129.3482, TerrainHandle><1591.916><28.17648><-151.9655~22.21135~84.44421~-5.12571~150.7051, TerrainHandle><2462.044><140.4646><-75.89746~2.562851~75.89746~-2.562851~38.79422, TerrainHandle><711.6965><80.96397><-53.67517~-8.542816~53.67517~8.542816~99.44826, TerrainHandle><501.8414><119.3898><0~-105.9311~72.47858~5.97998~37.08566, TerrainHandle><1302.839><71.34419><-74.18799~-2.562836~74.18799~2.562836~106.2825, LightSource><2189.501><195.234><0.09884975~Environment~276.0679~-24.72523~50~86.60254~1~1~None~0~0, LightSource><2187.603><229.5416><0.4425878~Environment~423.931~34.22025~91.02557~257.4591~1~0~None~0~0, LightSource><836.0323><319.8564><0.1638814~Environment~238.4612~-53.77081~-362.8199~-35.55988~1~1~None~0~0, LightSource><803.6418><386.2413><0.5076181~Environment~-315.3842~-55.4794~-530.341~46.45123~1~0~None~0~0, LightSource><2001.079><559.7269><0.2103316~Environment~182.9056~-197.2903~-342.307~-2.242859~1~1~None~0~0, LightBeam><2084.426><103.3193><-147.0083~521.8154~-98.46133~575.6353~315.2132~-65.77975~335.0423~-119.5995~0.5021916~0.1950944~0.7770345~1~None~0~0, LightBeam><762.4229><108.0471><-88.034~550.861~45.98291~563.6752~260.5122~1.525879E-05~-311.9653~386.99~0.4836121~0.111482~0.6503163~1~None~0~0, CustomDecal><888.0614><334.7525><-38.46143~262.1135~1011.793~297.9935~1057.093~-111.0567~0~0~0~0.3125242~1~rustb1~0.3606465~1~0.5557407~1~0.8065766~1~0.8065766~1, TerrainHandle><2606.85><110.3416><-40~0~0~-146.9366~20, DataPearl><1824.942><451.4265><0~0~0~0~Misc~0, LightSource><889.5953><157.7648><0.2474923~Environment~175.2134~25.67743~-663.6742~118.211~1~1~None~0~0, BlackSpot><2009.498><82.57793><-16.23932~-270.9589~512.6488~-277.7931~455.3839~29.8999, BlackSpot><808.8182><44.7526><-2.564117~-226.5362~239.9997~-238.4961~304.9569~-21.35704, SandGrubNetwork><1315.199><460.6859><0~0~2~3~0.4021739~1~0.09608459, SandGrubHole><1192.825><81.99927><, SandGrubHole><995.7554><94.91028><, SandGrubHole><1677.995><41.59015><, SandGrubHole><1754.324><57.98145><, SandGrubHole><2048.31><131.3255><, 
AmbientSounds: OMNI><AM_SUB-BlankState.ogg><461.4313><618.42><0.4070978><1, OMNI><AM_SUB-CaveTone.ogg><646.2132><623.5029><0.4256784><1, SPOT><SO_IND-MechHum01.ogg><728.7531><400.5316><0.2398748><1><1480.07><526.8253><-99.45782><-93.44666><0><0.09070952, 
Triggers: Spot<tA>event<tB>MusicEvent<eA>songName<eB>RW_169 - Grubs<eA>vol<eB>0.304381<eA>prio<eB>0.5<eA>mxThrt<eB>1<eA>loop<eB>0<eA>droneTol<eB>0<eA>rooms<eB>-1<eA>rest<eB>5<eA>fadeIn<eB>0<eA>oneSongPerCycle<eB>0<eA>stopAtDeath<eB>1<eA>stopAtGate<eB>0<tA>multiUse<tB>0<tA>toCycle<tB>-1<tA>fromCycle<tB>0<tA>delay<tB>0<tA>panPos<tB>742.3206<tB>373.4584<tA>fireChance<tB>1<tA>entrance<tB>-1<tA>karma<tB>0<tA>slugcats<tB><tA>pos<tB>1450.493<tB>261.2279<tA>handlePos<tB>-367.3553<tB>241.6447, 
FadePalette: 8, 0.07432191, 0.1393531, 0.07432175
