Palette: 99
FadePalette: 8, 0.08361186, 0.08361186
