Template: NONE
DangerType: Sandstorm
CeilingDrips: 0
WaveSpeed: 0.5
WaveLength: 0.75
WaveAmplitude: 0.03587852
SecondWaveLength: 0.1666667
SecondWaveAmplitude: 0
Clouds: 0.1579338
Grime: 0.1562619
Palette: 98
TerrainLight: 1
TerrainStainAmount: 0.1950936
TerrainStainBrightness: 0
TerrainStainHeight: 1
TerrainWaves: 1
TerrainEdgeRadius: 54.42558
TerrainGooHeight: 0.1545888
TerrainGrain: 0.2849678
TerrainDepth: 2.631033
TerrainPalette: badlands
Effects: ModifyEffectColorA-0.2694166,0.5,0.1098109-20-20, LightBurn-0.1579334-266.7517-75.27698, RockFlea-0.03716079-11.19661-134.2225, Ant-0.3530273-261.6235-131.6596, LocustSwarmConfig-1,0.6086956,1,1,1-692-298, 
PlacedObjects: CustomDecal><7.960342><93.6219><-29.91452~329.6018~974.1866~326.1846~982.7338~32.46274~-213.6749~275.079~0~0.386846~0~rf_sand~0.2770354~0.176514~0.2770354~0.176514~0.2770354~0.176514~0.2770354~0.176514, CustomDecal><368.7042><153.3245><15.38446~1314.59~220.3418~1312.881~227.1793~-5.979965~502.5634~-124.7252~0.2694158~1~1~rustymetal~0.4907107~0~0.4907107~0~0.4907107~0~0.4907107~0, CustomDecal><32.77783><340.7133><-75.21361~421.0099~916.9219~424.4272~945.9814~17.93994~-341.8797~-287.8933~0.2043847~0.386846~1~greybones~0.286325~1~0.286325~1~0.286325~1~0.286325~1, CustomDecal><168.1674><498.9186><-7.69223~984.8365~598.9736~985.6907~645.9821~13.66846~-196.5809~545.8866~0~1~1~rustb2~0.5016715~1~0.5016715~1~0.5016715~1~0.5016715~1, CustomDecal><49.2108><359.5037><41.88022~447.4927~663.9308~475.684~756.2382~-95.67963~-120.5127~-451.0612~0~0.4240066~1~rf_sand~0.5~1~0.5~1~0.5~1~0.5~1, LightSource><626.5174><275.1591><0.2474923~Environment~479.4865~-97.33922~50~86.60254~1~0~None~0~0, LightSource><625.9072><243.3263><0.1453002~Environment~211.1106~-11.05675~229.4869~273.6904~1~1~None~0~0, LightSource><261.6235><519.563><0.5169094~Environment~265.8116~-93.92203~50~86.60254~1~0~None~0~0, LightSource><668.1497><598.2402><0.3868461~Environment~324.7858~-64.02222~-276.4952~-104.7567~1~0~None~0~0, DataPearl><492.543><1373.221><0~0~0~0~Misc~1, VultureGrub><609.2272><235.456><0~0~7~10, VultureGrub><656.6976><234.0279><0~0~7~10, 
AmbientSounds: OMNI><AM_IND-Utility01.ogg><9.770706><544.2131><0.3978076><1, SPOT><AM_WIN_Hilltop.ogg><435.2574><599.4826><0.4163878><1><869.0085><607.754><-38.77417><-73.79803><0><0.1, SPOT><AM_WIN_Hilltop.ogg><254.346><612.7281><0.3513555><1><113.7391><580.8483><-25.95364><-63.54669><0><0.1, SPOT><SO_IND-Fridge.ogg><201.4528><490.2495><0.1191015><1><562.5544><241.3819><-141.3381><-99.42654><0><0.1929023, SPOT><SO_IND-WinFan.ogg><729.7559><292.8862><0.1841311><1><492.5678><1119.229><-124.2441><-131.8893><0><0.4065764, SPOT><AM_WIN_Hilltop.ogg><638.8611><595.9927><0.3420669><1><477.7414><1227.559><-258.4319><-176.312><0><0.1557412, 
FadePalette: 99, 0.1824615, 0.5912308
