WaveSpeed: 0.2342843
WaveLength: 0.8671421
WaveAmplitude: 4.14611E-10
SecondWaveLength: 0.1666667
SecondWaveAmplitude: 0
Grime: 0.1098105
Palette: 99
EffectColorB: 10
TerrainLight: 1
TerrainStainAmount: 0.287997
TerrainStainHeight: 1
TerrainGooHeight: 0.1081397
TerrainDepth: 0.1560646
TerrainPalette: badlands_2
Effects: RockFlea-0.03716113-290.6834-133.3682, Ant-0.3065771-28.88889-128.8454, SandPuffs-1-290.6834-60.75417, Ripple Settings-0-482.199-420.4071-looker-WMPA-wmpa_d09-0-2.1-801-0.5075498, 
PlacedObjects: TerrainHandle><170.5802><160.8519><-141.7092~32.46274~141.7092~-32.46274~65.27699, TerrainHandle><436.4481><157.0561><-63.93158~-19.6485~63.93158~19.6485~52.46274, TerrainHandle><698.0422><225.7212><-129.7435~-0.8542938~111.795~-60.65407~103.7197, BlackSpot><102.6229><134.2225><-14.52991~-141.9622~196.41~-136.8365~171.6237~-36.73415, BlackSpot><528.2708><175.2509><-63.24774~-182.1135~239.145~-171.8621~124.6154~41.00557, SandGrubNetwork><881.4355><106.0892><-94.03006~-20.50281~2~3~0.6956522~1~0, SandGrubHole><243.2614><138.8538><, SandGrubHole><405.1956><162.8129><, SandGrubHole><541.9393><213.0606><, WarpPoint><698.7733><402.3932><0~0~Watcher~looker~WMPA~wmpa_d09~290~370~a8b2cbe8-cbf8-419a-8c8c-a6e14ec6836a~WatcherOnly~0~6~8~4~8~4~4~4~7~150~150~-1~0~0~false~false~false~false~false~0~-1~false~-1~-1~-1~-1~-1~-1, FloatingDebris><53.28105><252.9363><-331.249~-144.7764~1466106381~3~20~0.6123664~1.391984~9~627.871|960.8159~420.7585|278.9476~0.25|0.4037707~0|-0.4103125~0|0.3846667~Ripple~0.5~0v0v0v0|0v0v0v0~0, FloatingDebris><60.10614><247.9132><-335.5231~100.4026~1625253965~0~30~0.25~0.5278742~10~-29.48436|148.7385~284.0734|429.3014~0.201001|0.25~-0.6411137|-0.4188608~0.4017647|1.059975~Ripple~0.6672469~0v0v0v0|0v0v0v0~0, FloatingDebris><68.78812><252.3834><50~50~1823576317~0~30~0.25~0.5~11~114.5594|-179.0776|-5.128845|307.3004|847.1116|1051.834~-180.6563|-47.38824|279.802|394.2758|289.1991|-155.0278~0.25|0.2095439|-0.9801666|0.865083|0.1047723|0.25~0|0|0|0|0|0~0|0.1538675|0.4530539|0.418861|0|0.008547363~Ripple Flow~0.2212545~0v0v0v0|0v0v0v0|0v0v0v0|0v0v0v0|0v0v0v0|0v0v0v0~0, FloatingDebris><111.6673><1003.75><50~50~633901954~0~30~0.4451234~1.002614~24~120.5432|838.1563|747.9661|142.3205|26.48566~403.673|278.9478|67.0856|46.58282|-114.8765~-0.6299109|0.5597998|0.3610568|0.6600555|0.5062847~0|0|0|0|-0.008548278~-0.6240176|-0.2735425|-0.5556329|-0.1111264|0.2991864~Ripple Flow~0.5~0v0v0v0|0v0v0v0|0v0v0v0|0v0v0v0|0v0v0v0~0, 
AmbientSounds: OMNI><AM_SUB-CaveTone.ogg><42.84738><530.9496><0.4070978><1, SPOT><AM_IND-Utility01.ogg><724.8918><473.0466><0.2956152><1><63.77283><222.4704><64.64447><-80.63234><0><0.3879965, SPOT><AM_SUB-BlankState.ogg><748.0021><262.7464><0.2398748><1><739.0189><387.2002><-249.8849><-256.6145><0><0.350836, 
FadePalette: 8, 0.2229652, 0.2972872
