Palette: 99
TerrainLight: 0.2305829
TerrainStainAmount: 0.3158689
TerrainStainHeight: 1
TerrainWaves: 0.6191008
TerrainEdgeRadius: 86.65958
TerrainGooHeight: 0.108137
TerrainDepth: 2.525051
TerrainPalette: badlands_2
Effects: LightBurn-0.1300616-276.1534-28.29144, RockFlea-0.04645091-15.47011-133.3682, Ant-0.3065772-280.427-103.4683, 
PlacedObjects: TerrainHandle><1432.093><260.75><-52.1366~-17.93994~52.1366~17.93994~125.0768, TerrainHandle><422.6722><127.027><0~-73.46829~63.93158~16.23137~20, TerrainHandle><617.6702><150.0594><-64.78632~5.979965~64.78619~-20.50278~50.75417, TerrainHandle><1002.258><285.9073><-28.03418~7.688538~28.03418~-7.688538~187.4393, TerrainHandle><816.5121><149.6199><-74.18793~-11.10565~73.33325~13.6685~150.7052, TerrainHandle><1653.727><49.9592><-56.23926~5.979973~56.23926~-5.979973~68.69411, TerrainHandle><1837.338><43.68198><-58.80334~-4.271408~58.80334~4.271408~15.72859, TerrainHandle><1291.844><267.8227><-53.6752~24.77417~53.6752~-24.77417~20, TerrainHandle><1123.474><290.0432><-45.12817~-15.37708~45.12817~15.37707~190.8565, LightSource><1392.284><389.9898><0.3961367~Environment~338.4611~2.611786~-2.991333~166.0508~1~0~None~0~0, LightSource><1137.401><412.0153><0.5261974~Environment~213.6748~-13.61957~-31.19647~152.3823~1~0~None~0~0, LightSource><505.3358><205.743><0.6005203~Environment~354.7003~-71.71078~102.9913~277.9619~1~0~None~0~0, PlayerPushback><945.0325><216.2574><-51.28186~-8.493896, CustomDecal><920.9247><192.1288><-23.9316~374.8787~933.161~385.9844~896.4089~22.21133~951.6312~76.0912~0~1~1~rustymetal~0.2491641~1~0.2863252~1~0.3994791~1~0~1, LightSource><1409.496><417.0548><0.08026925~Environment~326.4953~-39.24802~261.9655~144.6938~1~1~None~0~0, CustomDecal><280.0581><65.27384><78.63239~499.604~822.0502~511.5639~885.2978~-23.91991~-586.3239~260.5561~0~1~0~rustb1~0.3513565~1~0.3513565~1~0.3513565~1~0.3513565~1, CustomDecal><95.98199><69.57707><-20.51279~252.7163~869.9133~233.0678~913.503~-11.10567~-311.1106~-36.73418~0~1~0~rf_sand~0.146972~0.3716086~0.1376819~0.3716086~0.5092903~0.3716086~0.2677447~0.3716086, LightSource><453.7679><245.6237><0.08026952~Environment~332.4782~55.57724~-447.4352~192.5336~1~1~None~0~0, CustomDecal><1182.543><330.3255><-16.23926~192.0623~430.5977~170.7052~373.3329~-62.36264~60.68378~-630.4606~0.2972876~0.4332972~1~bluebrown~0.3403951~0.4923812~0.3403951~0.4923812~0.3403951~0.4923812~0.3403951~0.4923812, CustomDecal><921.4233><77.63812><-70.94008~523.5239~327.1791~513.2725~312.6491~-1.708557~42.73492~-384.4272~0.02787051~1~1~rustb1~0.5929018~1~0.5929018~1~0.5929018~1~0.5929018~1, TerrainHandle><784.744><94.32925><-40~0~40~0~20, BlackSpot><876.0022><118.5771><111.9657~126.2826~261.3672~119.4483~263.9313~-15.37708, BlackSpot><1313.955><-14.57619><-19.65811~199.7508~120.3417~197.188~153.675~6.83426, SandGrubNetwork><1120.73><185.3878><346~219~2~3~1~1~1, SandGrubHole><1070.313><294.8185><, SandGrubHole><1360.53><245.1327><, 
AmbientSounds: OMNI><AM_IND-Utility01.ogg><493.9985><622.6821><0.3327763><1, SPOT><SO_IND-FactoryM.ogg><740.6681><502.5344><0.2027137><0.4648834><1409.933><567.3198><-112.2783><-44.75244><0><0.3136749, SPOT><SO_IND-MechHum01.ogg><720.1595><394.2306><0.212003><1><473.5698><89.1116><-74.67151><-96.86368><0><0.1929016, SPOT><AM_WIN_Hilltop.ogg><227.7517><488.3409><0.3049054><1><1902.998><55.93384><-179.7995><-89.17514><0><0.2579339, SPOT><locustCloudFar.ogg><46.5242><283.618><0.1933802><1><1955.256><66.49014><-35.35534><-35.35534><0><0.4995348, SPOT><locustCloudNear.ogg><48.21269><157.3211><0.1004652><1><1950.961><61.50133><-35.35534><-35.35534><0><0.4902432, 
FadePalette: 8, 0.1824611, 0.08955931
