WaveSpeed: 0.5976528
WaveLength: 0.9511736
WaveAmplitude: 0.03442869
SecondWaveLength: 0.1666667
SecondWaveAmplitude: 0
Effects: LocustSwarmConfig-1,1,1,1,1-282-141, 
PlacedObjects: CustomDecal><266.7632><930.4362><-182.9057~678.149~628.0333~693.5261~660.5118~39.297~-447.8626~115.3281~0~1~1~rustymetal~0.2956155~1~0.2956155~1~0.2956155~1~0.02619934~1, SeedCob><695.3702><1123.724><185~-39~7~10, DeadSeedCob><478.5143><1052.319><, CustomDecal><282.0547><41.67857><-64.10245~1235.996~230.598~1124.085~399.8286~-18.79421~-371.7943~186.2335~0~0.349685~0~rustb1~0.5~1~0.5~1~0.5~1~0.5~1, CustomDecal><512.1288><1233.573><-47.00848~122.8653~105.8118~113.4683~110.9401~23.06558~-536.1362~-373.6908~0~1~1~whitetag3~0.1748422~0.5852845~0.1934228~0.5852845~0.1934228~0.5852845~0.6393531~0.5852845, InsectGroup><702.0958><1108.429><185.4698~183.7197~180.0001~61~StandardFly~0.2584547, ARKillRect><496.8895><1417.167><35~30, CustomDecal><357.9329><1287.338><-16~75~60~95~80~21~478~-428~0~1~0~aroombetweenwbla~1~0~1~0~1~0~1~0, 
AmbientSounds: OMNI><AM_WIN_Hilltop.ogg><87.57222><527.4406><0.3513568><1, SPOT><AM_ENV-NatWind.ogg><90.88106><409.8123><0.3327756><1><224.6328><1228.466><263.7896><-258.3231><0><0.8153473, SPOT><AM_IND-Fabrik02.ogg><80.8929><288.3628><0.3606471><0.6655535><491.5673><1124.957><-184.9278><-209.629><0><0.2579346, 
FadePalette: 8, 0.04645107, 0.09290197
