Palette: 99
TerrainLight: 0.5092919
TerrainStainAmount: 0.2508359
TerrainStainHeight: 1
TerrainWaves: 0
TerrainGooHeight: 0.1081397
TerrainGrain: 0.37787
TerrainDepth: 0.9921798
TerrainPalette: badlands_2
Effects: LightBurn-0.1207727-24.87183-127.3882, SandPuffs-1-306.0679-17.18577, 
PlacedObjects: TerrainHandle><367.7914><166.8905><-56.23926~-9.39711~56.23926~9.39711~149.8509, TerrainHandle><580.7259><126.8792><-90.42731~-17.93993~90.42731~17.93993~43.91989, TerrainHandle><763.3247><151.3723><-41.70941~-6.834259~41.70941~6.834259~84.92551, BlackSpot><248.7982><134.9228><-18.80334~-189.802~189.5723~-197.4905~180.1707~-5.125671, BlackSpot><710.6167><117.2533><-33.33331~-142.8165~138.2905~-151.3593~170.769~48.69408, LightSource><539.3251><982.6462><0.3125226~Environment~329.0593~-83.67068~274.7859~281.379~1~0~None~0~0, LightSource><545.3598><1195.653><0.3125252~Environment~165.8118~0.9032593~307.2647~-55.20834~1~0~None~0~0, LightSource><548.362><447.8192><0.3961354~Environment~252.9912~19.69739~-608.9733~107.1053~1~0~None~0~0, LightSource><495.0502><1081.072><0.06168797~Environment~417.0931~-169.099~344.0167~-74.00262~1~1~None~0~0, CustomDecal><285.0981><336.1055><-24.78632~1125.793~448.5464~1122.376~441.7087~2.562847~-361.5379~442.5175~0~0.3682659~1~rustb1~0.4180596~1~0.4180596~1~0.4180596~1~0.4180596~1, CustomDecal><521.8607><123.4182><-44.44452~494.4783~102.3931~487.6441~142.5638~4.271423~-563.2469~-98.24246~0.3251572~0.6098112~1~rustymetal~0.3327763~1~0.3327763~1~0.3327763~1~0.3327763~1, CustomDecal><444.8812><621.9245><7.692322~810.5629~266.4954~801.1658~262.2219~-8.542786~-517.9479~498.0467~0.3158672~0.4890382~1~rustymetal~0.4535489~1~0.4535489~1~0.4535489~1~0.4535489~1, InsectGroup><514.8007><1092.819><240.1705~133.317~0~0~RockFlea~0.1005209, SandGrubNetwork><55.0209><400.3632><0~0~2~3~0.6956522~1~0.1956522, SandGrubHole><442.6047><151.1598><, SandGrubHole><636.1343><138.0519><, 
AmbientSounds: OMNI><AM_IND-Utility01.ogg><71.81433><529.5842><0.3420664><1, SPOT><AM_WIN_Hilltop.ogg><723.6467><462.6436><0.4070978><1><561.6723><1388.083><-62.70575><-72.08948><0><0.2207728, SPOT><SO_IND-FactoryM.ogg><190.737><276.2963><0.1934234><0.431439><526.1978><1061.633><-168.6885><-113.9494><0><0.1, SPOT><AM_SUB-CaveTone.ogg><753.1264><250.5788><0.5><1><550.1264><254.5788><-302.8763><-111.3865><0><0.2765138, SPOT><locustCloudFar.ogg><331.9866><486.2806><0.2584209><1><566.6537><1144.33><-393.5243><-42.18961><0><0.4344943, SPOT><locustCloudNear.ogg><84.14589><401.3104><0.100465><1><552.1784><1279.765><-288.3817><-96.86368><0><0.304413, 
FadePalette: 8, 0.1174298, 0.1672237
