WGWR_A04: 683,256,51,35
WGWR_A05: 261,1224,54,35
WGWR_A06: 406,1215,54,35
WGWR_A07: 493,1215,54,35
WGWR_A08: 335,1216,54,35
WGWR_A10: 555,1212,48,35
WGWR_A11: 899,789,70,35
WGWR_A12: 435,310,48,35
WGWR_A13: 909,756,48,35
WGWR_A14: 697,695,48,35
WGWR_B03: 688,722,54,78
WGWR_B04: 424,727,54,78
WGWR_B06: 950,693,51,78
WGWR_B07: 730,243,48,78
WGWR_C01: 251,774,180,35
WGWR_C02: 732,764,180,35
WGWR_Disposal: 786,807,68,77
WGWR_C07: 441,152,48,120
WGWR_C08: 793,183,152,35
WGWR_C09: 941,10,106,190
WGWR_C10: 515,117,158,35
WGWR_D01: 472,761,228,35
WGWR_D02: 334,25,158,35
WGWR_E01: 677,118,264,35
WGWR_S01: 413,1240,48,35
WGWR_S06: 683,220,48,35
WGWR_S08: 910,266,48,35
GATE_WHIR_WGWR: 10,799,48,35
GATE_WDSR_WGWR: 159,125,48,35
WGWR_S03: 55,798,48,35
WGWR_S05: 205,608,48,35
WGWR_A01_👀: 213,772,48,35
WGWR_D02_👀: 313,114,204,36
WGWR_B01: 100,771,110,35
WGWR_B09: 207,117,105,35
