Template: wtda_settingstemplate_tomblooker
RainIntensity: 1
WaveSpeed: 0.7449374
WaveLength: 0.8775313
WaveAmplitude: 1.234255E-08
SecondWaveLength: 0.1666667
SecondWaveAmplitude: 0
PlacedObjects: LightBeam><266.5262><51.75714><-34.84628~673~148.5212~748~177.3939~-8~-113.4993~-179~0.1510978~0.1082183~0~1~None~0~0, LightBeam><473.8849><21.70842><11.94727~720~120.6442~715~170.4246~-2~21.90338~-171~0.1510978~0.1082183~0~1~None~0~0, LightBeam><718.6548><49.07118><-83.63104~679~47.96484~703~129.6046~-4~126.4423~-110~0.1510978~0.1082183~0~1~None~0~0, LightSource><331.0045><184.2414><0.1017887~Environment~58.74084~148~-408.9751~-259.3975~1~1~None~0~0, LightSource><525.49><381.3231><0.06932399~Environment~13.93848~122~54.97803~-292.3975~1~1~None~0~0, LightSource><763.0525><208.3287><0.1558984~Environment~38.82874~136~50~86.60254~1~1~None~0~0, PlacedFireSprite><482.6802><489.8369><, SlipperyZone><-28.44775><31.52998><100~50~52^33~0.1521739~False~False, 
