Template: wtda_settingstemplate_tomblooker
RainIntensity: 1
WaveSpeed: 0.4891653
WaveLength: 0.9945827
WaveAmplitude: 0.002326726
SecondWaveLength: 0.1666667
SecondWaveAmplitude: 0
PlacedObjects: TerrainHandle><1415.714><121.4705><-203.2796‾1‾279.9413‾-4‾76, TerrainHandle><881.8761><60.43582><-111.6837‾2‾386.4715‾-1‾98, TerrainHandle><405.999><-5.570587><-51.94733‾-19‾43.98242‾5‾117, TerrainHandle><2162.177><50.78827><-68.87262‾1‾129.6047‾5‾91, TerrainHandle><2458.83><22.49695><-80.81995‾14‾104.7145‾-14‾141, TerrainHandle><1941.085><28.54272><-311.8008‾10‾160.4685‾2‾81, TerrainHandle><2635.257><22.43158><-51.94733‾-27‾0‾-46‾20, TerrainHandle><637.3771><56.77393><-148.5212‾-8‾125.6223‾-5‾92, TerrainHandle><246.0377><-8.356506><-41.99121‾0‾40‾0‾20, TerrainSunOffset><-39.30604><367.432><-3.982437‾107, BlackSpot><2534.6><-56.89111><3.982422‾87‾700.0878‾86‾732.9429‾9, BlackSpot><363.0035><-3.677505><-17.92102‾-68‾-564.3339‾-98‾-560.3514‾9, LightBeam><360.541><-41.31409><-124.451‾774‾220.205‾785‾307.8184‾43‾-359.4143‾-125‾0.05370132‾0.108218‾0‾1‾None‾0‾0, LightBeam><873.1412><32.73788><-68.69696‾719‾209.2533‾760‾291.8887‾36‾179.2094‾-152‾0.1510978‾0.108218‾0‾1‾None‾0‾0, LightBeam><1635.984><4.777588><-89.60468‾762‾203.2796‾758‾305.8272‾-38‾-329.5461‾-159‾0.1510978‾0.108218‾0‾1‾None‾0‾0, LightBeam><2265.32><-23.17581><-51.77158‾772‾224.1874‾760‾289.8976‾-17‾-21.90332‾173.9992‾0.1510978‾0.108218‾0‾1‾None‾0‾0, LightBeam><2671.596><290.4315><-46.79358‾453‾82.81116‾453‾195.3148‾40‾162.2839‾15‾0.1510978‾0.108218‾0‾1‾None‾0‾0, LightSource><513.5754><158.6758><0.2424721‾Environment‾5.973633‾111‾-701.6838‾318.6025‾1‾0‾None‾0‾0, LightSource><423.909><682.6798><0.03685794‾Environment‾49.78037‾-79‾-115.2709‾-256.3975‾1‾1‾None‾0‾0, LightSource><533.2711><267.8989><0.1017887‾Environment‾18.91656‾67‾84.84625‾208.6025‾1‾1‾None‾0‾0, LightSource><941.6647><267.675><0.1342541‾Environment‾14.93408‾119‾-366.164‾76.60254‾1‾1‾None‾0‾0, LightSource><1781.832><251.9768><0.04767907‾Environment‾77.65741‾120‾50‾86.60254‾1‾1‾None‾0‾0, LightSource><2319.799><390.6309><0.1017887‾Environment‾8.96048‾107‾-278.5505‾-261.3975‾1‾1‾None‾0‾0, LightSource><2420.951><79.63618><0.09096693‾Environment‾1.991211‾105‾50‾86.60254‾1‾1‾None‾0‾0, LightSource><2691.883><465.8112><0.1126105‾Environment‾44.80237‾114‾-101.3324‾-189.3975‾1‾1‾None‾0‾0, BlackSpot><426.8858><-1.918808><10.95172‾-73‾-111.3324‾-82‾-109.3412‾3, WarpPoint><1816.8><307.9868><-184‾139‾Watcher‾looker‾WRSA‾wrsa_wtda‾NULL‾NULL‾‾AnySlugcat‾0‾6‾8‾4‾8‾4‾4‾4‾7‾150‾150‾-1‾0‾0‾false‾true‾true‾true‾false‾0‾-1‾-1‾-1‾-1‾-1‾-1‾-1, SlimeMold><1211.094><298.8748><0‾0‾2‾3, SlimeMold><1073.048><295.5558><0‾0‾2‾3, SlimeMold><2129.446><259.2119><0‾0‾2‾3, SlimeMold><2271.193><234.8023><0‾0‾2‾3, SlipperyZone><-69.93979><-35.5631><100‾50‾162^37‾0.1521739‾False‾False, 
