Template: wtda_settingstemplate_tomblooker
RainIntensity: 1
WaveSpeed: 0.4571663
WaveLength: 0.9785832
WaveAmplitude: 3.643746E-06
SecondWaveLength: 0.1666667
SecondWaveAmplitude: 0
Effects: LightBurn-0.1827772-30-30, 
PlacedObjects: TerrainHandle><344.658><73.07187><-49.95609~26~47.96484~-19~34, TerrainHandle><600.2674><103.3127><-45.97369~-21~48.96045~14~36, TerrainHandle><85.44412><97.00931><-43.98244~-6~40~0~47, TerrainHandle><696.7313><122.2141><-41.99121~-6~88.78473~-12~20, TerrainHandle><854.2393><91.07367><-40.99561~-7~0~-35~20, TerrainHandle><485.6675><57.77649><-19.09222~-10~43.98248~7~30, TerrainHandle><223.1957><81.82892><-40~0~47.96487~6~20, TerrainHandle><-31.78406><87.99698><0~-44~41.99121~14~28, BlackSpot><769.4332><30.49954><20.90771~82~441.2299~140~440.2343~-29, BlackSpot><47.64252><23.22446><-15.92972~89~-254.6999~92~-281.5813~-4, LightBeam><172.8381><48.28851><-26.88138~1528~175.4026~1519~202.2841~3~-428.1113~189~0.1510985~0~0.1190398~1~None~0~0, LightBeam><696.6021><-4.412677><-76.66174~1549~98.74084~1570~110.6882~19~118.4772~219~0.1510982~0~0.1190398~1~None~0~0, TerrainSunOffset><91.61703><282.0717><-5.973663~109, LightSource><706.8672><969.4252><0.1450763~Environment~0~100~50~86.60254~1~1~None~0~0, LightSource><747.6981><226.4254><0.0909676~Environment~20.90778~107~50~86.60254~1~1~None~0~0, LightSource><234.7511><532.5921><0.1342548~Environment~0~100~50~86.60254~1~1~None~0~0, LightSource><745.6616><586.8221><0.1450769~Environment~0~100~50~86.60254~1~1~None~0~0, LightSource><259.9082><113.4375><0.123433~Environment~0~100~50~86.60254~1~1~None~0~0, LightSource><219.4533><997.4495><0.2749382~Environment~0~100~50~86.60254~1~0~None~0~0, LightSource><761.9851><1293.541><0.1234326~Environment~0~100~50~86.60254~1~1~None~0~0, LightSource><227.0325><1119.372><0.1234323~Environment~0~100~50~86.60254~1~1~None~0~0, SlipperyZone><-43.94989><25.00652><100~50~50^75~0.1521739~False~False, 
