Template: wtda_settingstemplate_tomblooker
RainIntensity: 1
WaveSpeed: 0.5235819
WaveLength: 0.9882091
WaveAmplitude: 2.902375E-09
SecondWaveLength: 0.1666667
SecondWaveAmplitude: 0
PlacedObjects: LightBeam><464.6786><-36.52251><-126.4421~775~-25.71014~774~92.76721~0~296.691~100~0.09699017~0.1082183~0~1~None~0~0, LightBeam><584.3461><159.434><-78.65302~567~3.162537~574~100.7321~102~187.1742~29~0.1078106~0.1082183~0~1~None~0~0, LightSource><448.6201><434.0744><0.1017887~Environment~29.86823~115~369.59~92.60257~1~1~None~0~0, LightSource><605.8068><376.7268><0.177542~Environment~16.92535~110~280.981~-30.39746~1~1~None~0~0, LightSource><480.6156><212.2159><0.1558984~Environment~3.982422~82~50~86.60254~1~1~None~0~0, LightSource><395.9362><669.563><0.1234323~Environment~0~100~50~86.60254~1~1~None~0~0, LightSource><550.3632><675.2805><0.1234323~Environment~43.8067~105~50~86.60254~1~1~None~0~0, LightSource><488.3998><94.68921><0.1667202~Environment~0~100~50~86.60254~1~1~None~0~0, CustomDecal><365.8262><6.310196><-67.70132~783~289.8975~751~355.6076~-18~0~0~0~1~0~yellowrust~0.305207~1~0.305207~1~0.305207~1~0.305207~1, NoSpearStickZone><382.8745><667.8494><-260.8492~109, SlipperyZone><258.8233><72.06392><100~50~26^33~0.09782609~False~False, 
