Template: wtda_settingstemplate_tomblooker
RainIntensity: 1
WaveSpeed: 0.4214221
WaveLength: 0.9607111
WaveAmplitude: 0.0001473375
SecondWaveLength: 0.1666667
SecondWaveAmplitude: 0
PlacedObjects: TerrainHandle><61.35712><34.20261><-57~-18~34~13~20, TerrainHandle><816.424><21.32169><-40~0~40~0~16, TerrainHandle><169.043><57.11371><-41.99121~-4~42.98682~5~20, TerrainHandle><689.7458><7.11441><-57.92102~1~71.85944~5~44, TerrainHandle><296.6006><71.94171><-43.98242~-10~52.94287~12~37, TerrainHandle><396.0945><75.98911><-45.97363~4~44.97803~-12~23, TerrainHandle><566.6685><22.2153><-48.96045~6~63.89453~-3~65, TerrainSunOffset><79.89729><236.1753><-7.964874~81, BlackSpot><741.3224><-61.54645><-25.8858~89~512.9136~88~496.9839~-14, LightBeam><336.4189><-30.4444><-82.63544~775~265.0073~768~330.7174~1~0~0~0.1510985~0.108218~0~1~None~0~0, LightBeam><848.1665><357.192><-63.71881~391~90.776~389~125.6223~103~-51.77167~-444~0.107812~0.1082193~0~1~None~0~0, LightSource><469.6039><375.6853><0.08014579~Environment~91.59589~137~-659.8682~84.60254~1~1~None~0~0, LightSource><489.5308><108.069><0.0585022~Environment~0~100~50~86.60254~1~1~None~0~0, LightSource><488.6871><620.7037><0.1991869~Environment~189.1654~76~-711.5826~-415.3975~1~1~None~0~0, PlacedFireSprite><479.4006><179.5764><, CustomDecal><195.6443><128.5443><-91.59592~690~514.9048~601~686.1494~8~314~293~0~1~0~yellowrust~0.3268512~1~0.3268512~1~0.3268512~1~0.3268512~1, SlipperyZone><-15.40146><2.325958><84~-56~50^37~0.1521736~False~False, 
