Template: wtda_settingstemplate_towerlooker
RainIntensity: 1
WaveSpeed: 0.5988196
WaveLength: 0.9505902
WaveAmplitude: 1.736219E-06
SecondWaveLength: 0.1666667
SecondWaveAmplitude: 0
PlacedObjects: LightSource><480.3606><137.9764><0.5238402~Environment~0~100~-183.9678~-256.3975~1~0~None~0~0, LightSource><728.2043><327.1626><0.3831562~Environment~1.991211~73~50~86.60254~1~0~None~0~0, LightSource><233.3939><300.0621><0.2532939~Environment~-2.986816~73~50~86.60254~1~0~None~0~0, LightSource><215.7354><480.9386><1~EffectColor1~70.68814~52~50~86.60254~1~0~None~0~0, CustomDecal><78.823><270.1783><-16.92532~151~916.1346~215~882.284~-36~-271.8009~-376~0~1~0~greybones~0.1104146~1~0.1104146~1~0.1104146~1~0.1104146~1, CustomDecal><327.7673><31.25682><69.6925~730~266.0029~685~309.8097~-3~-368.3748~-296~0~1~0~greybones~0.1212364~1~0.1212364~1~0.1212364~1~0.1212364~1, SlipperyZone><25.36194><38.35529><100~50~45^32~0.09782609~False~False, 
AmbientSounds: SPOT><AM_IND-Utility03.ogg><756.5149><440.9652><0.2619198><0.7078102><477.8619><346.9652><-90.11377><-159.3553><0><0.251506, SPOT><AM_ENV-NatWind.ogg><725.8443><488.7172><0.229455><0.7662491><482.0375><733.7172><-35.35534><-35.35534><0><0.6519132, SPOT><AM_ENV-NatWind.ogg><741.7745><39.53073><0.251098><0.7662491><1184.937><525.5308><-35.35534><-35.35534><0><0.6735568, 
