Template: wtda_settingstemplate_tomblooker
RainIntensity: 1
WaveSpeed: 0.4244477
WaveLength: 0.9622239
WaveAmplitude: 0.0001463013
SecondWaveLength: 0.1666667
SecondWaveAmplitude: 0
PlacedObjects: LightBeam><591.8395><-2.599548><-176.2225~1544~389.4583~1555~519.8829~-8~-41.81549~-129~0.1510978~0.1082183~0~1~None~0~0, LightBeam><1245.523><1035.009><-46.79355~510~137.5696~547~189.3412~-2~-139.3851~-265~0.1510978~0.1082183~0~1~None~0~0, LightBeam><1556.148><1042.013><-24.8902~489~127.6134~520~181.3763~3~0~0~0.1510978~0.1082183~0~1~None~0~0, TerrainHandle><301.3662><37.07498><-19~-51~33~71~115, TerrainHandle><745.5052><84.9639><-175.4026~0~167.4378~0~83, TerrainHandle><385.0942><145.966><-42.98682~0~173.4114~0~68, TerrainHandle><1106.532><142.8709><-202.2841~3~102.7233~1~110, TerrainHandle><1243.763><37.28625><-19~48~7~-22~114, LightSource><579.2148><392.4987><0.1450759~Environment~-3.982422~88~50~86.60254~1~1~None~0~0, LightSource><840.821><428.8068><0.1126112~Environment~0~100~50~86.60254~1~1~None~0~0, LightSource><812.077><508.4302><0.1017887~Environment~123.4553~27~50~86.60254~1~1~None~0~0, LightSource><798.92><164.518><0.1558971~Environment~0~100~62.9429~-48.39746~1~0~None~0~0, LightSource><1305.516><1076.198><0.28576~Environment~0~100~562.738~-278.3975~1~0~None~0~0, LightSource><1319.194><1105.704><0.1667199~Environment~0~100~-145.139~86.60254~1~1~None~0~0, LightSource><1640.934><1194.828><0.1342535~Environment~50.776~116~50~86.60254~1~1~None~0~0, LightSource><1018.511><395.0392><0.09096693~Environment~101.5519~68~50~86.60254~1~1~None~0~0, LightSource><1350.186><242.6764><0.1991849~Environment~0~100~463.1772~-161.3975~1~0~None~0~0, LightSource><1619.167><256.9334><0.123433~Environment~50.776~112~237.1742~-96.39746~1~0~None~0~0, PlacedFireSprite><775.801><278.2304><, PlacedDrillCrab><721.8486><172.1193><, DataPearl><854.259><438.4912><0~0~0~0~Misc~0, SlipperyZone><-57.61899><22.41075><100~50~112^75~0.1521739~False~False, 
