Template: wtda_settingstemplate_tomblooker
RainIntensity: 1
WaveSpeed: 0.4711964
WaveLength: 0.9855982
WaveAmplitude: 3.810937E-05
SecondWaveLength: 0.1666667
SecondWaveAmplitude: 0
PlacedObjects: TerrainHandle><162.9543><33.60544><-171.4202~4~170.4246~0~91, TerrainHandle><766.4408><45.43155><-136.574~5~207.2621~-7~75, TerrainHandle><473.726><-7.568726><-136.5739~0~101.7277~-1~81, TerrainHandle><-66.7514><17.98303><-40~0~40~0~20, TerrainHandle><997.3301><31.51535><-40~0~0~-42~20, BlackSpot><162.8194><40.51031><-484.8609~3~-507.5842~-132~29.04834~-82, BlackSpot><754.9513><49.44678><-74.67059~-83~623.4261~-63~529.8389~19, LightBeam><646.2196><10.838><-100.5564~775~-9.780396~777~131.5959~24~197.1304~19~0.08616704~0.1082183~0~1~None~0~0, LightBeam><435.1187><-31.01122><-118.4773~767~35.02197~776~180.3807~12~344.4803~367~0.1294529~0.1082183~0~1~None~0~0, LightBeam><223.0021><-2.959442><-132.4158~730~25.06586~751~182.3719~-25~-250.8931~55~0.1186328~0.1082183~0~1~None~0~0, LightSource><253.6805><393.0295><0.1017891~Environment~21.90338~118~-256.6471~-222.3975~1~1~None~0~0, LightSource><203.5259><663.1003><0.08014563~Environment~48.78479~108~-368.1552~-212.3975~1~1~None~0~0, LightSource><449.6551><240.3244><0.05850153~Environment~0~100~50~86.60254~1~1~None~0~0, LightSource><637.6985><415.9585><0.1450779~Environment~17.9209~101~50~86.60254~1~1~None~0~0, LightSource><315.9138><128.7044><0.1234323~Environment~18.91656~133~-524.4656~109.6025~1~1~None~0~0, LightSource><411.5339><475.5736><0.2641157~Environment~0~100~50~86.60254~1~0~None~0~0, LightSource><671.4868><91.1899><0.2532932~Environment~10.95166~111~50~86.60254~1~0~None~0~0, SlipperyZone><3.661194><14.8208><100~50~50^35~0.1521739~False~False, 
