Template: wtda_settingstemplate_tomblooker
RainIntensity: 1
WaveSpeed: 0.4793539
WaveLength: 0.989677
WaveAmplitude: 0.0002346411
SecondWaveLength: 0.1666667
SecondWaveAmplitude: 0
TerrainLight: 0.2489014
PlacedObjects: LightSource><412.9819><407.5588><0.3290472~Environment~21.90338~122~50~86.60254~1~0~None~0~0, LightSource><431.2947><314.2636><0.1558977~Environment~83.63104~164~50~86.60254~1~1~None~0~0, LightSource><875.5266><411.4265><0.2641177~Environment~0~100~50~86.60254~1~0~None~0~0, LightSource><875.3538><303.4906><0.177542~Environment~-0.9956055~182~50~86.60254~1~1~None~0~0, LightBeam><1434.84><68.65192><-48.78479~675~84.80231~672~123.631~7~452.0059~155~0.1510978~0.1082183~0~1~None~0~0, LightBeam><1323.49><104.8209><-55.75403~654~462.1376~649~455.1684~-5~-237.9502~-180~0.06452312~0.1082183~0~1~None~0~0, LightBeam><1608.123><19.49371><-45.79797~711~22.07904~717~76.83746~-1~272.7965~396~0.1510978~0.1082183~0~1~None~0~0, TerrainHandle><1429.742><174.687><-68.87262~-1~97.74524~1~90, TerrainHandle><1644.664><136.8521><-94.75842~2~125.6223~0~94, TerrainHandle><1184.913><114.0738><-27~-67~40~0~67, TerrainHandle><1848.164><112.9017><-81.81561~0~20~-85~104, LightSource><1513.607><347.7374><0.05850153~Environment~240.9371~144~50~86.60254~1~1~None~0~0, LightSource><1440.929><628.5145><0.1126105~Environment~0~100~-465.7247~-290.3975~1~1~None~0~0, LightSource><1631.847><179.4383><0.3182254~Environment~0~100~59.95618~299.6025~1~0~None~0~0, LightSource><1494.479><208.4304><0.2641164~Environment~0~100~-504.5534~-125.3975~1~0~None~0~0, NoSpearStickZone><1533.058><599.0693><-325.5637~81, PlacedBoxWorm><420.5994><264.6183><, PlacedBoxWorm><858.259><241.5502><, CustomDecal><1310.781><1.576569><-83.63104~749~498.9751~728~603.5139~0~-359.6442~101~0~1~0~yellowrust~0.4134256~1~0.4134256~1~0.4134256~1~0.4134256~1, SlipperyZone><108.3182><61.08333><100~50~94^33~0.1521739~False~False, 
AmbientSounds: SPOT><SO_SFX-DeepStoneBass.ogg><739.3044><475.5156><0.2727416><0.7662479><1539.397><408.5156><-100.0698><-195.3553><0><0.5328727, 
