Template: wtda_settingstemplate_towerlooker
RainIntensity: 1
WaveSpeed: 0.4851184
WaveLength: 0.9925592
WaveAmplitude: 7.063645E-10
SecondWaveLength: 0.1666667
SecondWaveAmplitude: 0
PlacedObjects: CustomDecal><223.9944><28.03667><-151.3323~403~681.1714~385~475.0805~-51~-227.9942~-323~0~1~0~greybones~0.1645232~1~0.1645232~1~0.1645232~1~0.1645232~1, LightSource><454.557><267.4082><0.1017894~Environment~3.982422~68~50~86.60254~1~1~None~0~0, LightSource><436.6357><154.4103><0.8484942~Environment~-9.956055~97~-730.5564~329.6025~1~0~None~0~0, LightSource><440.5361><254.2112><0.1017887~Environment~322.5768~-37~-738.5212~-84.39746~1~1~None~0~0, LightSource><550.2373><187.8991><0.372335~Environment~0~100~251.1128~-101.3975~1~0~None~0~0, InsectGroup><468.1444><158.5027><-4.978027~27~0~0~Moth~0.1212361, CustomDecal><44.2984><69.47208><24.8902~552~837.4817~543~929.0776~-3~-230.981~94~0~1~0~yellowrust~0.1450761~1~0.1450761~1~0.1450761~1~0.1450761~1, SlipperyZone><20.22794><52.05122><100~50~44^29~0.1521736~False~False, 
AmbientSounds: SPOT><AM_IND-Utility02.ogg><719.5479><460.3687><0.2619198><0.9026038><718.6694><527.3687><-41.32898><-53.35535><0><0.2190399, SPOT><AM_IND-Utility02.ogg><138.3248><406.1754><0.2619198><0.7272907><235.0159><527.1754><-37.34656><-75.35535><0><0.2190399, SPOT><SO_IND-Turbine.ogg><716.6647><327.8003><0.1537018><0.6493725><483.8096><244.8003><-76.17529><-60.35535><0><0.2515053, 
