Template: wtda_settingstemplate_tomblooker
RainIntensity: 1
WaveSpeed: 0.553441
WaveLength: 0.9732795
WaveAmplitude: 4.460932E-10
SecondWaveLength: 0.1666667
SecondWaveAmplitude: 0
PlacedObjects: TerrainHandle><179.2985><10.09218><-40~0~46.96927~16~20, TerrainHandle><1761.392><1.281876><-40~0~40~0~20, TerrainHandle><1170.101><42.92653><-63.89459~-15~104.7145~37~73, TerrainHandle><1330.247><69.02193><-40~0~84.80237~-2~73, TerrainHandle><988.7334><25.18086><-39.00439~12~51.9473~-10~73, TerrainHandle><793.5987><60.05446><-46.79358~-32~40~0~20, TerrainHandle><539.7557><55.993><-40~0~40~0~20, TerrainHandle><655.2704><48.28029><-40~0~43.80676~-16~20, TerrainHandle><110.8082><-27.07481><0~-37~40.99561~-1~20, TerrainHandle><359.7234><28.92628><-40~-16~59.91217~32~20, TerrainHandle><1500.487><31.21162><-74.84625~20~50.95172~-9~74, TerrainHandle><1626.3><15.05147><-30.04395~-8~40~0~19, BlackSpot><1536.754><21.92506><0~-69~717.0132~-76~694.1142~-14, BlackSpot><1532.843><-32.95848><0~40~40~40~40~0, BlackSpot><213.4116><-48.93909><5.973633~86~-536.4568~45~-466.7643~-29, BlackSpot><588.8018><-16.28075><0.9957275~87~334.7~75~351.6252~-28, TerrainSunOffset><773.3088><392.7827><-23.89459~66, LightBeam><973.4492><-4.429886><-120.4685~763~251.0688~810~312.7965~49~389.2825~61~0.1510982~0.1082183~0~1~None~0~0, LightBeam><359.4925><-32.61475><-99.56079~847~248.082~777~283.9238~25~-451.0103~142~0.1510982~0.1082183~0~1~None~0~0, LightBeam><1597.582><-8.749084><-28.87262~740~165.4465~741~211.2446~29~107.5256~-142~0.1510982~0.1082183~0~1~None~0~0, LightSource><964.4506><455.2648><0.03685794~Environment~0~100~50~86.60254~1~1~None~0~0, LightSource><1108.012><104.9591><0.03685794~Environment~0~100~50~86.60254~1~1~None~0~0, LightSource><1678.578><100.081><0.2056155~Environment~80.64423~134~50~86.60254~1~0~None~0~0, LightSource><1687.267><323.3095><0.04767907~Environment~73.67499~123~50~86.60254~1~1~None~0~0, LightSource><359.5465><149.9537><0.04767973~Environment~0~100~50~86.60254~1~1~None~0~0, LightSource><531.8699><465.0531><0.1126105~Environment~0~100~50~86.60254~1~1~None~0~0, PlacedBoxWorm><688.8945><276.8617><, SlipperyZone><-75.3429><9.373779><100~50~108^35~0.1521739~False~False, 
AmbientSounds: SPOT><OM.wav><701.0737><160.5749><0.1861672><1><1237.374><584.5749><-41.32901><-66.35535><0><0.4589094, 
