Template: wtda_settingstemplate_towerlooker
RainIntensity: 1
WaveSpeed: 0.343527
WaveLength: 0.9217635
WaveAmplitude: 3.831981E-08
SecondWaveLength: 0.1666667
SecondWaveAmplitude: 0
PlacedObjects: CustomDecal><246.92><149.0455><-103.5432~424~533.8214~461~428.287~-116~-424.1288~-127~0~1~0~greybones~0.1342541~1~0.1342541~1~0.1342541~1~0.1342541~1, LightSource><623.9412><197.1913><0.1667189~Environment~8.96051~23~153.5432~211.6025~1~0~None~0~0, LightSource><487.6632><313.3894><0.05850157~Environment~6.969238~36~318.814~-96.39746~1~1~None~0~0, LightSource><327.3683><341.407><0.1883638~Environment~2.986816~48~-174.0117~-296.3975~1~0~None~0~0, PuffBall><451.045><174.0194><0~0~2~3, PuffBall><484.6701><155.9329><0~0~2~3, SlimeMold><323.3652><220.3365><19~-208~2~3, SlimeMold><359.1116><237.834><116~-256~2~3, CosmeticSlimeMold><337.5897><239.1787><0~69, LightFixture><338.8173><228.3314><SlimeMoldLight~17.32051~-10~1, SlipperyZone><197.5508><63.76735><100~50~29^25~0.1521739~False~False, 
AmbientSounds: SPOT><SO_IND-MechHum01.ogg><745.0704><398.314><0.3701384><0.5714567><256.3442><327.314><-35.35534><-35.35534><0><0.1973963, SPOT><SO_IND-HeatDuct.ogg><874.0144><204.5866><0.3701384><0.4156217><690.9398><330.5866><-35.35534><-35.35534><0><0.2515053, 
