Template: wtda_settingstemplate_towerlooker
RainIntensity: 1
WaveSpeed: 0.1887633
WaveLength: 0.8443816
WaveAmplitude: 1.765588E-05
SecondWaveLength: 0.1666667
SecondWaveAmplitude: 0
PlacedObjects: CustomDecal><9.898224><115.9775><132.4158~289~666.2372~568~795.6661~82~474.9049~-108~0~1~0~yellowrust~0.09096693~1~0.09096693~1~0.09096693~1~0.09096693~1, CustomDecal><92.90213><176.0889><104.5388~511~545.7687~462~928.082~-84~-313.6164~89.00002~0~1~0~greybones~0.0909671~1~0.0909671~1~0.0909671~1~0.0909671~1, LightSource><360.3909><546.288><0.6212363~Environment~1.991211~64~-651.9033~-425.3975~1~0~None~0~0, LightSource><317.6308><200.2351><0.3074032~Environment~3.982422~107~-295.4759~-285.3975~1~0~None~0~0, LightSource><309.6988><198.131><0.08014446~Environment~0~86~384.5241~-239.3975~1~1~None~0~0, LightSource><409.1796><324.9648><1~Environment~1.991211~84~50~86.60254~1~0~None~0~0, InsectGroup><416.6952><340.692><0.9956055~35~0~0~Moth~0.08877033, SlipperyZone><32.1749><97.18535><100~50~49^28~0.1521736~False~False, 
AmbientSounds: SPOT><AM_ENV-LightWind.ogg><733.879><517.5669><0.196989><0.7467687><-163.0463><241.5669><-35.35534><-35.35534><0><1, SPOT><AM_IND-Utility03.ogg><794.3559><234.6976><0.2294544><0.7857271><824.3414><549.6976><-35.35534><-35.35534><0><0.2839707, SPOT><AM_IND-Utility01.ogg><725.8708><472.508><0.3376724><0.6493725><407.3936><333.508><-51.28503><-106.3553><0><0.3164368, 
