DangerType: Blizzard
RainIntensity: 1
WaveSpeed: 0.4686449
WaveLength: 0.9843224
WaveAmplitude: 6.416494E-07
SecondWaveLength: 0.1666667
SecondWaveAmplitude: 0
PlacedObjects: KarmaFlower><827.1596><1247.321><0~0~5~7, CustomDecal><1122.951><776.3683><68.6969~-902~-1114.905~-596~-932.7086~36~-1485.447~228~0~1~0~greybones~0.2727416~1~0.2727416~1~0.2727416~1~0.2727416~1, CustomDecal><1060.267><760.2525><31.8595~768~-1314.026~963~-879.9413~-17~-1421.728~243~0~1~0~greybones~0.2727416~1~0.2727416~1~0.2727416~1~0.2727416~1, LightSource><358.3492><551.4437><0.1342541~Environment~87.61346~136~50~86.60254~1~1~None~0~0, LightSource><726.7119><427.3813><0.123433~Environment~336.5153~176~50~86.60254~1~1~None~0~0, LightSource><1146.891><395.485><0.350691~Environment~-502.782~-224~50~86.60254~1~1~None~0~0, LightSource><1005.5><772.4576><0.3506908~Environment~-1049.37~38~50~86.60254~1~1~None~0~0, LightSource><1121.166><1512.175><0.4328726~Environment~-1310.22~-550~-711.6398~-324.3975~1~1~None~0~0, SlipperyZone><69.47903><40.3011><100~50~42^67~0.09782609~False~False, 
AmbientSounds: SPOT><AM_ENV-NatWind.ogg><120.8959><448.8484><0.196989><0.7662479><455.5415><1530.848><416.6505><-631.3553><0><1, SPOT><AM_IND-Utility04.ogg><18.99844><252.4971><0.2186326><0.8246868><209.281><971.4971><-35.35534><-35.35534><0><0.2947938, SPOT><AM_IND-Utility02.ogg><154.6898><34.68152><0.3268507><0.7467687><303.1569><270.6815><-101.0655><-127.3553><0><0.2839715, 
