Template: wtda_settingstemplate_tomblooker
RainIntensity: 1
WaveSpeed: 0.46341
WaveLength: 0.981705
WaveAmplitude: 3.55463E-05
SecondWaveLength: 0.1666667
SecondWaveAmplitude: 0
PlacedObjects: LightBeam><1508.489><31.73586><-109.5168~705~92.76721~719~227.1743~37~374.3485~-28~0.1510982~0.108218~0~1~None~0~0, LightBeam><329.8315><46.075><-202.1083~692~39.00439~695~172.4158~30~-329.5461~-61~0.1510978~0.108218~0~1~None~0~0, LightBeam><683.0736><118.8732><-107.5256~612~43.98242~629~101.7276~183~43.80676~-122~0.1510982~0.1082186~0~1~None~0~0, LightSource><1515.806><372.4142><0.08014416~Environment~0~100~-306.4276~-100.3975~1~1~None~0~0, LightSource><1582.308><79.17517><0.1082186~Environment~13.93854~106~-351.2299~-115.3975~1~1~None~0~0, LightSource><1533.611><565.5583><0.0801448~Environment~71.68372~103~-536.4128~-56.39746~1~1~None~0~0, LightSource><304.8913><536.6558><0.1558977~Environment~48.78476~104~-310.41~-237.3975~1~1~None~0~0, LightSource><378.2344><209.7732><0.09096693~Environment~0~100~50~86.60254~1~1~None~0~0, LightSource><718.0155><166.7631><0.177542~Environment~39.82434~112~50~86.60254~1~0~None~0~0, LightSource><664.0636><472.82><0.05850153~Environment~0~100~50~86.60254~1~1~None~0~0, PlacedFireSprite><1515.138><435.3341><, PlacedBoxWorm><420.7902><548.5541><, SlipperyZone><-41.91125><17.36839><100~50~112^34~0.1521739~False~False, 
Triggers: Spot<tA>event<tB>MusicEvent<eA>songName<eB>RW_152 - Cup<eA>vol<eB>0.3<eA>prio<eB>0.5<eA>mxThrt<eB>1<eA>loop<eB>0<eA>droneTol<eB>0<eA>rooms<eB>-1<eA>rest<eB>5<eA>fadeIn<eB>0<eA>oneSongPerCycle<eB>0<eA>stopAtDeath<eB>1<eA>stopAtGate<eB>0<tA>multiUse<tB>0<tA>toCycle<tB>-1<tA>fromCycle<tB>0<tA>delay<tB>0<tA>panPos<tB>529.6763<tB>413.7271<tA>fireChance<tB>1<tA>entrance<tB>-1<tA>karma<tB>0<tA>slugcats<tB><tA>pos<tB>1437.676<tB>347.7271<tA>handlePos<tB>-327.3553<tB>108.6447, 
