Template: wtda_settingstemplate_tomblooker
RainIntensity: 1
WaveSpeed: 0.568704
WaveLength: 0.965648
WaveAmplitude: 2.712828E-09
SecondWaveLength: 0.1666667
SecondWaveAmplitude: 0
PlacedObjects: TerrainSunOffset><83.79721><272.8124><-28.9429~111, TerrainHandle><113.622><127.9759><-2~-104~36.01761~-20~58, TerrainHandle><319.5548><85.92653><-69.86829~-13~54.93408~19~79, TerrainHandle><842.3774><122.9542><-34.02643~-16~3~-93~102, TerrainHandle><679.0817><71.74367><-73.85065~0~68.87262~4~66, TerrainHandle><433.4138><117.4445><-40~0~136.574~-5~83, BlackSpot><57.28836><79.56825><-1.991211~101~-327.3792~92~-298.5066~5, BlackSpot><215.7375><44.39339><-4.978027~60~-134.2313~104~-120.2928~-9, BlackSpot><827.8914><82.07899><5.973633~60~387.467~98~379.5022~-6, BlackSpot><797.2712><41.11592><-6.969238~74~69.86829~93~87.78918~2, LightBeam><258.001><56.95163><-135.4026~667~100.7321~673~214.2314~36~-167.2621~-188~0.1510978~0.108218~0~1~None~0~0, LightBeam><670.2914><-5.074753><-105.5344~746~93.76276~740~180.3806~168~-275.7833~-120~0.1510982~0.108218~0~1~None~0~0, LightSource><310.7124><629.0008><0.1017887~Environment~0~100~-122.2401~-209.3975~1~1~None~0~0, LightSource><720.0205><465.6794><0.1558984~Environment~26.88141~107~50~86.60254~1~1~None~0~0, SlipperyZone><19.05444><-4.958054><100~50~54^36~0.1521739~False~False, 
AmbientSounds: SPOT><OM.wav><686.3019><155.2502><0.1861672><1><466.3898><554.2502><-51.28503><-73.35535><0><0.2190399, 
