WaveSpeed: 0.5230795
WaveLength: 0.9884602
WaveAmplitude: 4.483606E-09
SecondWaveLength: 0.1666667
SecondWaveAmplitude: 0
PlacedObjects: TerrainHandle><385.7382><248.0942><-154.2203~63.78864~274.2203~22.21136~190.0023, TerrainHandle><851.2194><263.5324><-129.7561~9.397125~179.3356~-11.10571~119.0967, TerrainHandle><1165.797><129.7667><-147.7072~-35.87987~190.4481~16.23138~143.871, TerrainHandle><2045.218><222.1126><-186.1741~-7.688553~186.1741~7.688553~105.4282, TerrainHandle><1716.817><123.4242><-152.8362~-9.397125~124.627~2.562851~207.0879, TerrainHandle><2723.445><183.0086><-226.3505~-34.1713~226.3505~34.1713~93.46826, TerrainHandle><3296.393><174.6528><-212.6733~18.7942~212.6733~-18.7942~105.4282, TerrainHandle><-94.33718><578.9974><-67.35419~5.125732~67.35419~-5.125732~86.63409, TerrainHandle><162.9969><506.0555><-68.20901~32.46271~60.20901~-49.46271~135.3281, BlackSpot><-192.1145><75.6017><-135.0613~417.5928~246.8661~432.9699~331.4931~31.60844, LocalTerrain><2853.247><542.4753><37.63745~844.5463^287.8932~213.7047^137.5884~515.4418^74.27356~, BlackSpot><2794.624><477.8008><-25.64447~71.60852~398.169~81.00549~394.7498~1.708557, LightSource><367.4598><720.491><0.1265982~Environment~715.4832~-88.79639~201.3029~-197.0192~1~1~None~0~0, LightSource><1482.096><718.1212><0.1265982~Environment~-982.186~-360.4583~86.7572~-223.502~1~1~None~0~0, LightSource><2537.918><723.7944><0.1265985~Environment~1052.281~-335.6841~-42.32043~-191.8936~1~1~None~0~0, LightSource><3201.01><719.2898><0.1265982~Environment~886.4468~-425.3838~-117.5444~-232.8991~1~1~None~0~0, TerrainHandle><3695.07><209.4654><-230.6246~-33.31702~274.2204~2.562836~20, CustomDecal><396.5729><150.7787><-14.53192~551.7152~2103.532~587.5952~2081.307~-19.6485~296.622~-401.5128~0~1~0~yellowrust~0.09117359~1~0.09117359~1~0.09117359~1~0.09117359~1, CustomDecal><910.2015><373.4894><23.93494~546.5895~-1257.615~498.7498~-1228.551~-12.81424~-917.1389~-548.119~0~1~0~yellowrust~0.08188198~1~0.08188198~1~0.08188198~1~0.08188198~1, CustomDecal><2354.18><180.3008><-22.22528~463.7241~706.7584~450.0556~726.4193~-13.66852~-164.98~159.7508~0~1~0~yellowrust~0.09117392~1~0.09117392~1~0.09117392~1~0.09117392~1, SandGrubHole><762.9528><275.0593><, SandGrubHole><643.2339><274.2083><, SandGrubHole><553.4722><266.9119><, SandGrubHole><2110.14><188.0114><, SandGrubHole><2847.213><186.3945><, SandGrubHole><2507.077><169.816><, SandGrubHole><2399.439><186.223><, SandGrubHole><2225.528><207.6355><, SandGrubHole><2651.345><172.3336><, SandGrubHole><3574.258><180.129><, SandGrubHole><3221.922><181.0608><, SandGrubNetwork><3368.4><478.9667><0~0~2~3~0.5~0.5~0.5, SlipperyZone><-200.1585><-18.07214><100~50~221^36~0.1521739~False~False, 
AmbientSounds: SPOT><AM_SUB-BlankState.ogg><469.7906><499.0541><0.2770041><1><3829.972><322.9318><-62.70959><-200.2319><0><0.5645752, 
FadePalette: 337, 0.0326087, 0.0326087, 0.0326087, 0.0326087
TerrainFadePalette: tomb, 0.07608695, 0.07608695, 0.07608695, 0.07433153, 0.2601624
