Template: wtda_settingstemplate_tomblooker
RainIntensity: 1
WaveSpeed: 0.5472206
WaveLength: 0.9763897
WaveAmplitude: 6.772746E-07
SecondWaveLength: 0.1666667
SecondWaveAmplitude: 0
Effects: LightBurn-0.151449-44.93411-111, 
PlacedObjects: CustomDecal><170.5601><2983.068><-22.89896~709~693.1186~721~653.2942~-4~0~0~0~0.5563049~0~yellowrust~0.3290465~1~0.3290465~1~0.3290465~1~0.3290465~1, CustomDecal><175.4589><2259.464><-83.63101~840~650.3074~799~627.4084~16~0~0~0~0.5346614~0~yellowrust~0.305207~1~0.305207~1~0.305207~1~0.305207~1, CustomDecal><232.2035><1627.791><-116.4861~720~649.3119~712~558.7115~-5~0~0~0~0.5454831~0~yellowrust~0.305207~1~0.305207~1~0.305207~1~0.305207~1, CustomDecal><325.5311><2464.262><1.991211~597~353.6163~530~317.7745~-8~408.1992~-60~0.6384875~1~0~blackrust1~0.3182254~1~0.3182254~1~0.3182254~1~0.3182254~1, SlipperyZone><-209.0582><-41.94136><100~50~58^188~0.1521739~False~False, 
AmbientSounds: SPOT><OM.wav><44.61617><541.2078><0.196989><1><485.7874><3389.208><-49.29388><-156.3553><0><0.197397, SPOT><OM.wav><40.38348><262.2913><0.1753453><1.136355><481.5548><2251.661><-107.0391><-119.3553><0><0.3164364, SPOT><OM.wav><29.41075><414.2751><0.2294545><0.7662485><480.5381><2776.276><-75.17969><-116.3553><0><0.2082181, SPOT><AM_ENV-WinterHum.ogg><693.044><398.7831><0.2943852><0.2987463><486.0748><1044.783><-53.27625><-62.35535><0><0.5004073, SPOT><AM_IND-12thFloor.ogg><727.35><352.9776><0.2727416><0.1><492.5037><401.9777><-65.22357><-100.3553><0><0.1865745, 
