WaveSpeed: 0.3964225
WaveLength: 0.9482113
WaveAmplitude: 3.287157E-07
SecondWaveLength: 0.1666667
SecondWaveAmplitude: 0
Effects: Ripple Settings-0-1044.073-469.3526-looker-WARE-ware_h16-0-2.2.0.0.0.0-83-1, 
PlacedObjects: LightSource><742.7744><2206.316><0.1265985~Environment~-522.2942~-1286.5~-333.8135~-54.35406~1~1~None~0~0, CustomDecal><697.8535><1654.325><-488.9561~802.02~-1288.388~792.6229~-890.0426~-1.525879E-05~57.27289~153.7709~0~1~0~yellowrust~0.4628336~1~0.1747975~1~0~1~0.1747975~1, TerrainHandle><1062.372><117.8016><-164~-118.6596~125.4819~3.41713~137.891, TerrainHandle><1464.713><110.1576><-156.2553~-22.21135~156.2553~22.21135~72.96552, TerrainHandle><1894.888><273.4422><-158.8197~-19.6485~11~171.1279~180.6251, TerrainHandle><1933.891><865.6665><-68.03015~-53.62849~134.0301~25.62849~28.54283, TerrainHandle><2198.141><947.7874><-96.41803~-51.25696~121.2078~71.75975~60.15128, TerrainHandle><2606.146><1058.338><-125.4819~-6.834229~175.0614~5.125671~78.9455, TerrainHandle><2891.259><1307.479><-253.8811~-44.42267~56.41803~14.52283~55.87988, TerrainHandle><3147.482><1373.617><-147.7072~-11.10571~147.7072~11.10571~104.574, LightSource><2348.75><1516.154><0.1265988~Environment~865.0762~-353.624~-267.9925~-187.6221~1~1~None~0~0, LightSource><1432.165><1283.706><0.1265982~Environment~-75.22406~-1160.067~-23.51437~-156.0137~1~1~None~0~0, LocalTerrain><354.8845><889.1339><138.4427~373.5419^-12.81425~153.8672^21.40599~225.6583^-8.591789~, LocalTerrain><727.9338><876.6041><100~317.1237^-60.65405~101.7234^4.320351~219.6743^-25.67741~, LightSource><800.2502><1253.685><0.1173069~Environment~-654.791~71.80865~50~86.60254~1~1~None~0~0, CustomDecal><427.0063><295.9606><71.80475~1217.201~1915.472~1291.524~1882.989~11.95996~0~0~0~1~0~yellowrust~0.09117392~1~0.09117392~1~0.09117392~1~0.09117392~1, CustomDecal><177.4481><787.3228><-10.25784~928.4539~760.612~962.6251~771.7246~-9.397106~-319.7021~123.8684~0~1~0~yellowrust~0.2026719~1~0.2026719~1~0.2026719~1~0.2026719~1, CustomDecal><2092.201><971.2922><17.09636~737.9489~1325.647~736.2403~1339.324~5.125697~0~0~0~1~0~yellowrust~0.09117359~1~0.09117359~1~0.09117359~1~0.09117359~1, InsectGroup><943.7213><198.9232><-442.796~243.5195~0~0~RockFlea~0.1004652, InsectGroup><509.28><437.428><330.8148~16.28033~-264.1389~164.0222~Moth~0.1004652, WarpPoint><687.4354><1785.854><-369.2817~181.9622~Watcher~looker~WARE~ware_h16~1330~630~3fa23a6b-f71b-4dc5-8728-e32d5b37de52~WatcherOnly~0~6~8~4~8~4~4~4~7~150~150~-1~0~0~false~false~false~false~false~0~-1~false~-1~false~-1~false~-1~false, FloatingDebris><141.7513><1768.295><-232.9449~-234.4761~198151016~0~30~0.25~0.5~6~-298.3179|736.4329~248.1935|436.1357~1.035939|0.4743707~-0.05128922|-0.384668~1.230939|1.077072~Ripple~0.5~0v0v0v0|0v0v0v0~0, CosmeticRipple><-15.5457><1944.847><0~0~202.6058~-328.0445~-15.5457~1944.847~385.5675~0.6765385~0.2752636~False~0.5~False~0.3437858~False~-1~0~False, CosmeticRipple><827.7112><2220.233><47.01501~-214.4249~-203.4331~-534.7809~827.7112~2220.233~572.1675~0.8252033~0.2938458~False~0.5~False~0.2880369~False~-1~0~False, SlipperyZone><-193.8389><18.82085><100~50~176^80~0.1521739~False~False, 
AmbientSounds: SPOT><AM_ENV-NatWind.ogg><506.8224><604.4156><0.2677121><0.7658539><1128.722><1810.291><-517.473><-365.9627><0><0.5459927, SPOT><AM_SUB-BlankState.ogg><432.8134><385.6003><0.2770041><1><798.2677><64.11859><-576.4554><144.044><0><0.2579558, SPOT><OM.wav><767.2509><377.5343><0.1655061><1><1389.804><340.6344><124.4957><-84.04947><0><0.1929149, 
FadePalette: 337, 0, 0.08362347, 0.05574898, 0, 0.2137048, 0.154473
TerrainFadePalette: tomb, 0, 0, 0, 0, 0.204412, 0.102206
