Template: wtda_settingstemplate_tomblooker
RainIntensity: 1
WaveSpeed: 0.659935
WaveLength: 0.9200325
WaveAmplitude: 1.197363E-07
SecondWaveLength: 0.1666667
SecondWaveAmplitude: 0
Clouds: 0.0109651
Effects: Ripple Settings-0-1025.009-152.1624-looker-WARF-warf_b33-0-1.1.1.0-80-1, 
PlacedObjects: LightBeam><327.6297><1086.072><-37.83307‾489‾144.5388‾472‾206.2665‾2‾-314.612‾-195‾0.1510982‾0.108218‾0‾1‾None‾0‾0, LightBeam><1588.414><64.81729><-54.75842‾1538‾131.5959‾1489‾243.104‾9‾133.4114‾-55‾0.1510982‾0.108218‾0‾1‾None‾0‾0, LightSource><1667.599><1146.999><0.2965818‾Environment‾49.78033‾135‾-499.5754‾-4.397461‾1‾0‾None‾0‾0, LightSource><1683.063><769.9691><0.2424728‾Environment‾0‾100‾50‾86.60254‾1‾1‾None‾0‾0, LightSource><1050.052><257.4651><0.318226‾Environment‾90.60033‾64‾145.5783‾162.6025‾1‾0‾None‾0‾0, LightSource><1676.495><275.1768><0.1991843‾Environment‾0‾100‾50‾86.60254‾1‾1‾None‾0‾0, LightSource><1709.124><502.3589><0.3723357‾Environment‾34.84631‾124‾50‾86.60254‾1‾0‾None‾0‾0, LightSource><1720.345><154.5622><0.1450766‾Environment‾23.89459‾118‾50‾86.60254‾1‾1‾None‾0‾0, LightSource><559.9436><248.6385><0.4047991‾Environment‾0‾100‾82.85498‾150.6025‾1‾0‾None‾0‾0, LightSource><414.639><1130.983><0.1126105‾Environment‾0‾100‾193‾167.6025‾1‾1‾None‾0‾0, LightSource><414.0331><1408.675><0.1017894‾Environment‾0‾100‾-124.0117‾-550.3975‾1‾1‾None‾0‾0, NoSpearStickZone><1633.055><1444.988><-168.2578‾121, ReliableSpear><1659.481><127.9442><, ReliableSpear><1618.401><127.0612><, ReliableSpear><1711.176><134.7086><, ReliableSpear><1420.493><155.7376><, ReliableSpear><1529.811><155.0677><, ReliableSpear><1310.632><173.3627><, LightSource><565.257><276.54><0.09096627‾Environment‾0‾100‾50‾239.6025‾1‾1‾None‾0‾0, InsectGroup><1661.783><438.325><-3.982422‾60‾-467.9355‾-82‾Moth‾0.1645236, InsectGroup><1651.777><1285.102><2.986816‾87‾0‾0‾Moth‾0.2186326, Pomegranate><1637.969><788.0162><-210.6736‾118‾3‾4‾133.675‾-39, ReliableSpear><313.1487><234.5121><, ReliableSpear><899.458><211.4347><, ReliableSpear><1333.973><173.4251><, ReliableSpear><1227.381><195.4371><, KarmaFlower><532.8373><1226.554><0‾0‾5‾7, KarmaFlower><477.705><1169.145><0‾0‾5‾7, KarmaFlower><1024.738><291.986><0‾0‾5‾7, CosmeticRipple><1917.441><508.3057><-71.80475‾-269.099‾-240.1903‾54.67407‾1917.441‾508.3057‾246.3344‾0.8141702‾0.9349594‾False‾0.5‾True‾0.3252026‾False‾-1‾0‾False, CosmeticRipple><2041.721><49.46503><-225.6721‾107.6396‾-521.4256‾223.822‾2041.721‾49.46503‾567.4337‾0.7212551‾0.4703833‾False‾0.5‾True‾0.3252026‾False‾-1‾0‾False, CosmeticRipple><1685.182><-2.650579><0‾0‾-62.388‾158.8965‾1685.182‾-2.650579‾170.7055‾0.6672476‾0.368178‾False‾0.5‾True‾0.2415791‾False‾-1‾0‾False, SlipperyZone><66.94437><135.4528><100‾50‾95^71‾0.1521739‾False‾False, 
AmbientSounds: SPOT><AM_ENV-Outside.ogg><705.7539><473.8243><0.1212364><0.357184><1675.095><184.8243><-68.21039><-67.35535><0><0.2623271, 
