Template: wtda_settingstemplate_tomblooker
RainIntensity: 1
WaveSpeed: 0.4066362
WaveLength: 0.9533181
WaveAmplitude: 3.831694E-16
SecondWaveLength: 0.1666667
SecondWaveAmplitude: 0
PlacedObjects: TerrainHandle><945.1843><228.492><-82.8111~-35~70.86377~-18~49, TerrainHandle><608.5013><214.4838><-91.77155~-24~32.03516~-5~61, TerrainHandle><168.8236><261.6536><-54.93411~11~80.81992~-7~52, TerrainHandle><697.8276><200.4805><-46.96918~17~56.92535~-17~44, TerrainHandle><779.2275><187.7973><-26.06152~5~59.91217~6~59, TerrainHandle><1125.996><227.664><-46.96936~-16~143~-70~20, TerrainHandle><362.9785><228.6971><-37.01315~6~41.99121~10~53, TerrainSunOffset><483.3345><220.6021><-6.969238~104, TerrainHandle><277.5771><233.572><-41.99124~6~40~0~40, TerrainHandle><-51.05934><266.5682><-17~-6~40~0~20, BlackSpot><913.6897><148.3195><6.969238~107~359.5901~122~314.7877~2, BlackSpot><201.805><176.9383><-3.982452~95~-365.2123~94~-346.2957~-16, BlackSpot><-88.19248><257.4933><0~40~260.0293~17~269.9854~-9, LightBeam><270.8124><473.3248><-31.85944~1090~26.06152~1082~40~0~0~0~0.1510978~0.1082183~0~1~None~0~0, LightBeam><525.7266><204.9271><-45.79791~1354~97.74524~1356~129.6047~5~237.9503~-36~0.1510992~0.1082183~0~1~None~0~0, LightBeam><833.53><659.1899><-28.87262~903~34.02637~909~40~0~0~0~0.1510978~0.1082183~0~1~None~0~0, PlacedFireSprite><403.8569><1159.86><, PlacedFireSprite><709.1417><915.0822><, SlipperyZone><-35.0249><153.1984><100~50~53^69~0.1521739~False~False, 
Triggers: Spot<tA>event<tB>MusicEvent<eA>songName<eB>RW_152 - Cup<eA>vol<eB>0.3<eA>prio<eB>0.5<eA>mxThrt<eB>1<eA>loop<eB>0<eA>droneTol<eB>0<eA>rooms<eB>-1<eA>rest<eB>5<eA>fadeIn<eB>0<eA>oneSongPerCycle<eB>0<eA>stopAtDeath<eB>1<eA>stopAtGate<eB>0<tA>multiUse<tB>0<tA>toCycle<tB>-1<tA>fromCycle<tB>0<tA>delay<tB>0<tA>panPos<tB>685.0424<tB>213.3594<tA>fireChance<tB>1<tA>entrance<tB>-1<tA>karma<tB>0<tA>slugcats<tB><tA>pos<tB>399.0424<tB>1145.359<tA>handlePos<tB>-513.3553<tB>-446.3553, 
