Template: wtda_settingstemplate_tomblooker
RainIntensity: 1
WaveSpeed: 0.7868099
WaveLength: 0.856595
WaveAmplitude: 3.456325E-09
SecondWaveLength: 0.1666667
SecondWaveAmplitude: 0
Effects: Ripple Settings-0-1054.073-64.1713-looker-WBLA-wbla_c01-0-1.2.3-98-1, 
PlacedObjects: LightBeam><1148.884><345.7775><-24.8902~404~374.5242~416~423.3089~21~306.6472~-449~0.08616738~0.108218~0~1~None~0~0, LightBeam><1991.047><352.9006><-56.74963~411~327.7306~406~399.4143~4~717.8331~-17~0.1510982~0.108218~0~1~None~0~0, LightBeam><634.8642><390.0989><-24.8902~336~84.80237~349~136.574~5~-504.7731~-401~0.06452341~0.1082183~0~1~None~0~0, LightBeam><819.0555><361.1714><-40.81989~369~88.78479~386~140.5563~0~-135.4026~-394~0.07534525~0.1082183~0~1~None~0~0, LightSource><1354.424><463.4258><0.08014513~Environment~56.74963~112~-211.8448~-541.3975~1~1~None~0~0, LightSource><2157.662><412.622><1~Environment~0~100~-12.72327~-82.39749~1~0~None~0~0, LightSource><707.6923><468.4313><0.5887716~Environment~0~100~50~86.60254~1~0~None~0~0, LightSource><868.8523><469.5338><0.1017894~Environment~3.982422~99~50~86.60254~1~1~None~0~0, LightSource><1512.392><622.1851><0.1342548~Environment~39.82428~102~-68.47729~-239.3975~1~1~None~0~0, LightSource><2313.209><623.5725><0.1450763~Environment~-50.77597~79~-207.8624~-257.3975~1~1~None~0~0, SpinningTopSpot><666.8002><510.7575><-528~-91~looker~WBLA~wbla_c01~690~2070~12~false, CustomDecal><943.6505><-7.539551><-155.3148~838~1509.517~791~1479.649~71~0~0~0~1~0~yellowrust~0.3268509~1~0.3268509~1~0.3268509~1~0.3268509~1, CosmeticRipple><137.6049><104.5544><0~0~206.8799~337.4416~137.6049~104.5544~395.8107~0.7973281~1~False~0.5~True~0.3437858~False~-1~0~False, FloatingDebris><83.33248><192.8426><50~50~1581692942~0~30~0.25~1.336237~6~-28.62952~255.0278~1.533682~-0.2991866~0.6667584~Ripple~0.5~0v0v0v0~0, CosmeticRipple><235.8714><596.654><135.0613~-577.495~-213.6909~-120.4539~235.8714~596.654~245.3017~0.7601617~0.5725914~False~0.5~True~0.1858302~False~-1~0~False, CosmeticRipple><676.1614><-39.88551><0~0~46.17401~291.3104~676.1614~-39.88551~294.9471~0.8159114~0.6655061~False~0.5~True~0.2508707~False~-1~0~False, SlipperyZone><-66.92883><-37.6869><100~50~163^36~0.09782609~False~False, 
AmbientSounds: SPOT><AM_SUB-MysticCave2.ogg><727.4149><221.8757><0.1537011><0.9805208><91.33871><438.8757><646.6359><-212.3553><0><1, 
