Template: NONE
DangerType: Flood
WaveSpeed: 0.6218605
WaveLength: 0.9390697
WaveAmplitude: 3.71491E-09
SecondWaveLength: 0.1666667
SecondWaveAmplitude: 0
Grime: 0.1097568
Palette: 209
EffectColorA: 10
Effects: Ripple Settings-0-20-20-looker-WARE-ware_i01x-0-1-81-0.4146349, 
PlacedObjects: LightSource><689.728><309.8813><0.5075495~Environment~239.3492~-75.12793~50~86.60254~0~0~None~0~0, LightSource><513.7192><317.2758><0.5075504~Environment~196.6083~34.22025~50~86.60254~0~0~None~0~0, LightSource><108.3032><25.74663><0.5540076~Environment~306.8798~-32.41379~-238.0738~74.64267~0~0~None~0~0, LightSource><317.9503><315.7765><0.3960518~Environment~-1.709656~151.257~-34.62708~213.0363~0~0~None~0~0, CustomDecal><-150.7599><85.8224><-15.3867~476.5383~1022.187~479.9556~1063.218~-17.08565~1.709671~182.8165~0~1~1~bluesmoker~0.0632991~1~0.0632991~1~0.0632991~1~0.0632991~1, CustomDecal><-69.91653><-0.5907898><-24.78974~530.3582~1046.121~539.7553~1062.363~-14.5228~-47.86981~151.208~0.06504059~1~1~blackrust1~0.6114979~1~0.6114979~1~0.6114979~1~0.6114979~1, SpinningTopSpot><318.1143><347.7879><0~0~looker~WARE~ware_i01x~490~250~8~false, FloatingDebris><122.6622><213.2236><50~50~448676269~0~30~0.25~0.5~14~-256.4318|84.20651|476.9888|886.8674~131.1569|367.7931|225.9821|363.5218~2.069622|0.1241156|0.25|1.070111~0|0|0|0~0.8462703|0|0.01709595|0.871914~Ripple Flow~0.5~0v0v0v0|0v0v0v0|0v0v0v0|0v0v0v0~0, WaterCurrent><488.4658><16.05296><1~134~-80.84017~1442.041, 
AmbientSounds: OMNI><AM_IND-Midsex01.ogg><37.89529><521.9384><0.1562142><1, OMNI><SO_WAT-OpenFlow.ogg><27.19473><436.4796><0.3048786><1, OMNI><SO_IND-Turbine.ogg><34.67546><359.2231><0.3792106><1, OMNI><SO_NAT-WindTunnel.ogg><21.97968><287.3462><0.2398379><1, 
FadePalette: 10, 0.5075501
