RainIntensity: 1
Palette: 456
EffectColorA: 10
EffectColorB: 4
Effects: SKLightning-1,1,1-347-343, SKLightningHue-0.1086956-316-42, 
PlacedObjects: LightSource><-196.777><-73.69821><0.1086956~Environment~643~78~120~4.602539~1~1~None~0~0, LightSource><61.69461><257.4539><0.04347828~Environment~125~282~227.0042~180.6122~1~1~None~0~0, LightSource><-192.5256><637.3016><0.1195652~Environment~459~-407~50~86.60254~1~1~None~0~0, LightSource><-250.5357><353.6968><0.09782609~Environment~1026~-185~50~86.60254~1~1~None~0~0, CustomDecal><-205.0592><23.69102><-8~257~262~251~256~18~1030~-87.99998~0.3043478~1~0~pinkrectangle~0.2065217~0~0.2065217~0~0.2065217~0~0.2065217~0, LightSource><138.6182><450.8387><0.3695652~EffectColor1~0~100~-336~-318.3975~1~0~None~0~0, CustomDecal><-407.9081><-101.6274><-3~751~1437~712~1513~-28~1011~358~0~1~0~greybones~0.173913~1~0.1413043~1~0.1630435~1~0.2391304~1, KarmaFlower><672.6125><242.0353><0~0~5~7, CustomDecal><-29.92953><34.96069><-9~264~-216~261~-232~-1~186.0933~-2.644363~0~1~0~mdrhalf~0.8184118~0.4693351~0.05426424~0.6742839~0.4130455~0.2825503~0.5217391~0.5652161, ScavengerTreasury><660.5377><65.70026><231~109, LanternOnStick><756.7179><238.7531><32~-96, LanternOnStick><613.1475><262.5009><-102~-133, 
FadePalette: 45, 0.1089345
