Template: wrra_settingstemplate_insideship
WaveSpeed: 0.5107456
WaveLength: 0.9946272
WaveAmplitude: 2.329914E-05
SecondWaveLength: 0.1666667
SecondWaveAmplitude: 0
Effects: SkyAndLightBloom-0.03246539-40-40, Ripple Settings-0-1030.477-137.9911-looker-WTDB-wtdb_a19-0-1-334-1, 
PlacedObjects: CustomDecal><342.491><185.7706><-56.74963~479~640.3514~-9~177.3939~-78~-576.4568~-503~0~1~0~rust2~0.5563053~1~0.5563053~1~0.5563053~1~0.5563053~1, CustomDecal><379.3347><-18.51459><-17.92096~686~405.3879~596~716.5909~332.2714~-385.3001~-277~0~1~0~rust2~0.6212364~1~0.4805527~1~0.5563053~1~0.7402762~1, CustomDecal><22.9117><53.70244><-109.5168~601~940.0292~572~959.9415~-65~-259.8404~23~0~1~0~rust2~0.1883631~1~0.1883631~1~0.1883631~1~0.1883631~1, LightSource><659.6545><258.3875><0.6104153~Environment~5.973694~79~50~86.60254~1~0~None~0~0, LightSource><577.6283><380.4463><0.08014513~Environment~29.86823~115~50~86.60254~1~1~None~0~0, LightSource><625.9293><534.2744><0.7078108~Environment~15.92975~70~-103.3236~-178.3975~1~0~None~0~0, LightSource><760.6752><394.2635><0.5238395~Environment~0~100~50~86.60254~1~0~None~0~0, PuffBall><700.9456><47.77425><0~0~2~3, PuffBall><727.5358><33.03627><0~0~2~3, WarpPoint><609.2027><381.5981><33~-5.137634~Watcher~looker~WTDB~wtdb_a19~470~210~~AnySlugcat~0~6~8~4~8~4~4~4~7~150~150~-1~0~0~false~false~false~false~false~0~-1~-1~-1, FloatingDebris><86.55936><193.7269><50~50~1277657921~0~30~0.25~1.168988~20~632.9999|970.2191|1000.558|783.8548~-199.4505|-163.5706|472.0155|484.8298~0.5|4.51287|0.941969|0.25~-0.5641803|-0.1880603|0|-0.5641803~0.8633667|0.08548096|1.307873|0.5385351~Ripple~0.5~0v0v0v0|0v0v0v0|0v0v0v0|0v0v0v0~0, CosmeticRipple><-132.1947><178.3838><0~0~296.6358~114.4739~-132.1947~178.3838~317.9577~0.7787448~0.6562142~False~0.5~True~0.3902433~False~-1~0~False, CosmeticRipple><956.1039><649.5513><-313.7184~-121.3081~-233.3516~-468.1468~956.1039~649.5513~523.0816~0.8809516~0.6283404~False~0.5~True~0.4274093~False~-1~0~False, 
AmbientSounds: SPOT><AM_IND-Welder.ogg><527.1316><506.3221><0.4675339><0.1><689.5328><434.3221><-35.35534><-35.35534><0><0.197397, SPOT><AM_IND-Utility03.ogg><737.691><446.3238><0.3484941><0.8246868><236.0218><399.3238><-35.35534><-35.35534><0><0.1541091, SPOT><AM_IND-Utility03.ogg><737.7745><445.9552><0.3484941><0.8246868><52.91351><391.9553><-35.35534><-35.35534><0><0.1541091, 
FadePalette: 8, 0.3895857
