WHIR_B04: 63,419,54,78
WHIR_S03: 55,387,48,35
WHIR_B12: 69,506,48,78
WHIR_B13: 88,586,66,78
WHIR_A15: 120,547,48,35
WHIR_A20: 158,547,48,35
WHIR_S01: 161,575,48,35
WHIR_A14: 119,497,48,35
WHIR_A07: 117,460,54,35
WHIR_C02: 172,414,54,121
WHIR_B02: 225,252,54,78
WHIR_A22: 224,995,48,35
WHIR_C14: 242,866,49,121
WHIR_C01: 224,536,54,121
WHIR_B03: 284,580,110,35
WHIR_B08: 227,500,100,35
WHIR_C04: 337,411,54,121
WHIR_A25: 281,421,54,35
WHIR_A21: 379,425,48,35
WHIR_S02: 377,406,48,35
WHIR_B06: 393,499,100,37
WHIR_A10: 452,579,48,35
WHIR_S05: 485,574,48,35
WHIR_C11: 483,598,54,120
WHIR_B09: 528,549,54,78
WHIR_B07: 582,553,106,35
WHIR_B14: 626,458,54,78
WHIR_C03: 558,413,54,121
WHIR_A11: 502,498,48,35
WHIR_B15: 435,740,104,35
WHIR_A04: 383,776,54,35
WHIR_A26: 344,742,48,35
WHIR_B05: 280,785,54,78
WHIR_A16: 275,21,54,35
WHIR_A17: 219,21,54,35
WHIR_A27: 329,21,48,35
WHIR_A23: 161,22,54,35
WHIR_A18: 230,92,54,37
WHIR_C05: 286,92,162,36
WHIR_A06: 450,94,54,35
WHIR_A24: 506,94,54,35
WHIR_S04: 509,57,48,35
GATE_WSUR_WHIR: 10,426,48,35
GATE_WHIR_WGWR: 619,98,48,35
WHIR_A19: 562,91,54,38
