Template: NONE
DangerType: None
Clouds: 0.8606272
Grime: 0
RandomItemDensity: 0
Palette: 473
TerrainLight: 0.5
TerrainStainAmount: 0.2566807
TerrainStainBrightness: 0.5
TerrainStainHeight: 1
TerrainWaves: 1
TerrainEdgeRadius: 100.8824
TerrainGooHeight: 0.1265975
TerrainGrain: 1
TerrainDepth: 2.107969
TerrainSkyFade: 0
TerrainPalette: treemoss
Effects: ModifyEffectColorA-0.1579553,0.4256682,0.6579556-287.3004-22.31146, ModifyEffectColorB-0.09291492,0.5092915,0.2584209-20-20, Bloom-0.4053438-32.56445-116.2825, Beetle-0.2044131-286.4456-219.6507, FairyParticles-0.06504059-285.5907-135.0768, 
PlacedObjects: Vine><233.8625><981.3865><49.57953~-350.2068, Vine><52.67462><1052.559><188.0602~315.2793, Vine><894.8188><1344.614><-303.4605~126.4827, OEsphere><466.3719><1182.879><115.4006~-5.076691~50~86.60254~12~1, LightBeam><168.121><790.7217><-53.85358~713.1747~162.239~733.6774~584.5193~70.90546~-349.6208~129.851~0.5858306~0~0~0~None~0~0, LightSource><458.3927><1200.992><0.3124287~EffectColor1~-582.9861~62.41159~-549.2278~134.4423~0~1~None~0~0, LightSource><171.4266><1072.896><0.4796753~EffectColor1~303.4606~66.68298~-255~97.60254~1~0~None~0~0, LightBeam><733.5575><899.6614><-379.5394~643.9778~-87.36792~632.0178~231.4791~140.9566~0~0~0.58583~0~0~0~None~0~0, LightSource><584.4128><722.6158><0.4889672~EffectColor1~384.6683~-231.4616~-207.3003~-310.6388~0~0~None~0~0, LightSource><564.3582><617.7869><0.1080156~EffectColor1~219.6884~-274.1758~50~86.60254~0~1~None~0~0, LightSource><513.3992><261.9707><0.6004652~EffectColor1~229.0914~-28.1424~50~86.60254~0~0~None~0~0, LightSource><715.5513><1144.049><0.4332196~EffectColor1~326.5406~9.446045~50~86.60254~0~0~None~0~0, LightSource><765.9648><398.8009><0.4796753~EffectColor1~-89.75598~137.5884~50~86.60254~0~0~None~0~0, FairyParticleSettings><119.8779><118.8462><-300.6783~47.20412~1~7.065217~37.5~0~6.596658~7.784907~206.739~375~76.08695~119.5652~0~19.56522~136.9565~140.8696~0~0~0.4782611~0.3369567~0.3369569~0.3804348~0.7065217~0.2717391~9.51087~Leaf~SIN_IO~SIN_IO~64.78259~0~0.6521739, ARKillRect><391.095><988.1237><152~42, WallLight><344.1365><979.3962><150~50~344.1365~979.3962~-4~134~257~2~257~124~0~0.5543478~0.5978261~True~WaterSurfaceColor2~False~False~Always~Soft, 
AmbientSounds: OMNI><AM_ENV-Outside.ogg><29.80048><530.6563><0.5><1, SPOT><AM_ENV-LightWind.ogg><722.1171><516.5082><0.2398383><1><816.5939><357.3402><-153.3203><-101.9894><0><0.3694538, OMNI><AM_ENV-Pasture.ogg><27.05836><446.1576><0.2770038><1, OMNI><AM_ENV-WinterTrees.ogg><24.79434><369.1341><0.4163765><1, 
FadePalette: 10, 0.2415791, 0.2415791
RoomSpecificScriptActive: ON
WetTerrain: OFF
