Template: NONE
DangerType: Sandstorm
CeilingDrips: 0
RainIntensity: 0.5543478
RumbleIntensity: 0.1086956
WaveSpeed: 0.5269744
WaveLength: 0.9865128
WaveAmplitude: 0.02518507
SecondWaveLength: 0.1666667
SecondWaveAmplitude: 0
Clouds: 0.1086956
Grime: 0.173913
Palette: 35
Effects: GreenSparks-0.06521739-20-20, 
PlacedObjects: CustomDecal><323.6614><1530.632><15~313~501~299~499~-8~-328~152~0.326087~1~0~blackrust1~0~1~0~1~0.6521739~1~0.6521739~1, CustomDecal><404.8016><782.7249><-79~388~496~430~410~5~-323~45~0~1~0~blackrust1~0~1~0~1~0.6413044~1~0.6413044~1, CustomDecal><446.0542><60.29089><-48~361~372~366~334~3~-318~320~0.2173913~0.7282609~0~blackrust1~0~0.4891304~0~0.4891304~0.5869565~0.4891304~0.5869565~0.4891304, HugeTurbine><611.6564><1855.219><5~8.660254~0.5543478~0.8804348, HugeTurbine><614.0207><456.1761><5~8.660254~0.497826~0.8695652, HugeTurbine><611.606><1169.264><5~8.660254~0.5086955~0.8804348, CustomDecal><735.1555><126.1987><59~164~216~154~212~-45~-60.99988~321~0~1~0.6413044~whitetagdecent~0.01086957~0.6195652~0.01086957~0.6195652~0.01086957~0.6195652~0.01086957~0.6195652, CustomDecal><816.6621><241.6953><-6~155~109~220~118~67~-16~30.00002~0~1~1~junkgraffiti3~0.4021739~0.6630435~0.4021739~0.6630435~0.4021739~0.6630435~0.4021739~0.6630435, CustomDecal><395.184><210.2967><43~450~684~457~686~-12~-170.9999~-239~0.2608696~0.4347826~1~full wall~0.2173913~0.2282609~0.2173913~0.2282609~0.2173913~0.2282609~0.2173913~0.2282609, CustomDecal><329.6378><68.95944><-282~705~737~894~659~-121~697~251~0~1~0~blackrust1~0.2717391~0.3152174~0.2717391~0.3152174~0.2717391~0.3152174~0.2717391~0.3152174, ClimbablePoleV><571.339><254.3209><0^7, ClimbablePoleH><602.0663><327.8292><-2^0, ClimbablePoleV><728.8317><332.1826><0^4, 
AmbientSounds: OMNI><MSC-ShadowAlley.ogg><711.3806><41.03543><0.423913><0.8043478, SPOT><SO_IND-Fridge.ogg><740.882><477.4747><0.08695652><1><216.882><1896.475><69.64465><-176.3553><0><0.8934784, SPOT><SO_IND-HVAC.ogg><420.0602><57.43808><0.2717391><1.234783><319.0602><877.4381><0.6446533><-53.35534><0><0.1869567, SPOT><SO_IND-HVAC.ogg><95.62384><398.2802><0.1847826><0.8043478><324.6238><1360.28><-35.35535><-72.35535><0><0.2195652, SPOT><SO_IND-HVAC.ogg><455.7617><546.9254><0.2391304><1.156522><318.7617><2075.925><-34.35535><-135.3553><0><0.1, SPOT><SO_IND-HVAC.ogg><105.1725><191.0239><0.1956522><0.726087><315.1725><169.0239><5.644653><-83.35534><0><0.1978261, SPOT><MSC-WetConduits.ogg><700.6824><215.9571><0.1956522><1.117391><1250.682><2015.957><-45.35535><-168.3553><0><0.2304349, OMNI><SO_WAT-MoreDrips.ogg><734.5607><602.6844><0.3152174><0.1, SPOT><AM_IND-Utility02.ogg><703.9491><347.8939><0.173913><1><1238.949><1175.894><-97.35535><-118.3553><0><0.2195653, SPOT><AM_WIN-StrongWnd2.ogg><488.6834><391.3136><0.2173913><1.391304><616.6834><1858.314><-152.3553><-170.3553><0.4782609><0.4586958, SPOT><AM_WIN-StrongWnd2.ogg><487.9121><278.0078><0.2391304><1.528261><607.9121><1174.008><-151.3553><-179.3553><0.4891304><0.4260871, SPOT><AM_WIN-StrongWnd2.ogg><495.45><159.8787><0.2065217><0.7847826><600.45><432.8787><-122.3553><-201.3553><0.4565217><0.3934784, 
FadePalette: 10, 0.5978261, 0.6086956, 0.6195652
WetTerrain: OFF
