Template: NONE
DangerType: Sandstorm
CeilingDrips: 0
RainIntensity: 0.3586957
RumbleIntensity: 0.1086956
WaveSpeed: 0.5
WaveLength: 0.75
WaveAmplitude: 0.04940138
SecondWaveLength: 0.1666667
SecondWaveAmplitude: 0
Clouds: 0.3478261
Grime: 0.08695652
Palette: 69
EffectColorA: 4
Effects: Darkness-0.2173913-20-20, ZeroG-0.1669345-31.27982-67.09317, Ripple Settings-0-300.2184-18.07762-Watcher-WRSA-wrsa_c01-0-0.2.3.0-102-1, 
PlacedObjects: CustomDecal><0.5882568><-188.7426><43‾682‾789‾690‾839‾-1‾-190‾180‾0‾1‾1‾rustb2‾0.5108696‾0.4673913‾0.5108696‾0.4673913‾0.5108696‾0.4673913‾0.5108696‾0.4673913, LightSource><399.3478><929.2548><0.07608695‾EffectColor1‾23.39917‾222‾50‾86.60254‾0‾1‾None‾0‾0, CustomDecal><382.7245><1090.073><29‾1264‾272‾1211‾278‾-103‾-423‾301‾0‾1‾1‾rustb3‾0.326087‾0.5326087‾0.326087‾0.5326087‾0.326087‾0.5326087‾0.326087‾0.5326087, GooDrips><545.005><2184.425><0‾100‾0‾0‾0.5, WarpPoint><447.4414><181.183><245.7274‾25.58148‾Watcher‾looker‾WRSA‾wrsa_c01‾NULL‾NULL‾d3ed8b6f-45c2-4646-b745-fd4fd1198a9e‾WatcherOnly‾4‾8‾8‾4‾4‾2‾4‾4‾7‾150‾150‾-1‾0‾0‾false‾true‾false‾false‾false‾0‾-1‾false‾-1‾false‾-1‾-1‾-1‾-1‾-1‾-1‾-1‾-1‾-1‾-1‾False‾False‾-1‾-1‾-1‾-1‾-1, LightSource><533.3002><2195.634><1‾EffectColor1‾62‾-78‾-416‾55.60254‾0‾0‾None‾0‾0, ReliableSpear><393.3073><726.9285><, ReliableSpear><496.6417><735.734><, ReliableSpear><481.3856><731.7111><, CosmeticRipple><363.7925><105.7899><2.559631‾1383.959‾181.5626‾1602.681‾363.7925‾105.7899‾1612.933‾0.7921342‾1‾False‾0.6112896‾False‾0‾False‾-1‾0‾False, CosmeticRipple><432.8121><683.3449><-598.9602‾33.25595‾-270.2173‾246.8615‾432.8121‾683.3449‾366.0027‾0.5‾1‾True‾0.5‾False‾0‾False‾-1‾0‾False, CosmeticRipple><544.7184><1168.302><0‾0‾-11‾241‾544.7184‾1168.302‾241.2509‾1‾1‾True‾1‾False‾0‾False‾-1‾0‾False, CosmeticRipple><547.8457><892.6229><0‾0‾-105‾19‾547.8457‾892.6229‾106.7052‾1‾0.5978261‾True‾0.5‾False‾0‾False‾-1‾0‾False, 
AmbientSounds: OMNI><RWTW_DustStorm_Deep.ogg><750.3267><479.0251><0.1086956><0.6086956, OMNI><RWTW_RotAmb_VanillaRot.ogg><750.3757><399.2817><0.1086956><1, SPOT><Noise Wind.wav><718.6786><192.215><0.1304348><0.6869565><440.6786><-140.785><-155.3553><206.6447><0><0.5673915, SPOT><AM_IND-50hz.ogg><411.6528><213.5498><0.2065217><1><394.6528><936.5498><-11.35535><-152.3553><0><0.2086958, SPOT><Mech Active.wav><788.9465><84.41248><0.1630435><1><666.9465><1611.413><-21.35535><-97.35535><0><0.2630436, SPOT><RWTW_DaemonSpace_03.ogg><378.3732><400.9046><0.1847826><0.8826087><437.3732><168.9046><-194.3553><169.6447><0><1, 
FadePalette: 19, 0.7608696, 0.6086956, 0.4673913, 0.3804348
