Template: NONE
DangerType: Sandstorm
CeilingDrips: 0
RainIntensity: 0.6086956
RumbleIntensity: 0.1086956
Clouds: 0.2282609
Grime: 0
Palette: 69
EffectColorA: 15
EffectColorB: 16
Effects: LightBurn-0-20-20, FlowerWind-0.4557396,0.8480868,0.1547427-32.54111-115.008, 
PlacedObjects: CustomDecal><989.4487><-37.05025><-63.71888~240~804.6266~364~930.0731~-10~863.1917~1.525879E-05~0~1~0~rust1~0.5563049~1~0.4480869~1~0.4372638~1~0.210006~1, CustomDecal><132.4803><-26.56885><-383.3089~827~1015.695~789~966.9106~-17~-46.79349~-234~0~1~0~rust2~0.4372653~1~0.3398692~1~0.3182256~1~0.4697312~1, CustomDecal><-22.58885><-40.33636><40.81992~192~899.2094~187~923.1039~-21~-318.5944~269~0~1~0~rust2~0.3052066~1~0.3052066~1~0.3052066~1~0.3052066~1, CustomDecal><953.4134><9.82486><-261.8448~846~969.8975~802~901.2006~3~935.8712~299.9999~0~1~0~rust2~0.3895861~1~0.1947937~1~0.4004079~1~0.3571207~1, CustomDecal><-7.77681><-44.77769><-54.75842~683~1917.716~824~1899.795~6~0~0~0~1~0~rust1~0.2835637~1~0.2835637~1~0.2835637~1~0.2835637~1, RippleSpawnEgg><1794.413><285.07><, RippleSpawnEgg><1791.67><401.3548><, 
AmbientSounds: OMNI><RWTW_DustStorm_Deep.ogg><770.5654><535.298><0.1521739><1, OMNI><RWTW_RotAmb_VanillaRot.ogg><770.1873><461.3149><0.1521739><1, SPOT><RWTW_DustStorm_Gusting.ogg><468.04><343.9291><0.1086956><1><979.04><712.9291><-293.3553><-276.3553><0><0.154348, 
FadePalette: 19, 0.5760869, 0.5975397
