Template: NONE
DangerType: Sandstorm
CeilingDrips: 0
RainIntensity: 0.6521739
RumbleIntensity: 0.1086956
Clouds: 0
Grime: 0.1195652
BkgDroneVolume: 0
Palette: 69
EffectColorA: 15
EffectColorB: 16
Effects: OuterRimView-1-20-20, 
PlacedObjects: CustomDecal><-92.59598><168.0745><15~1016~1039~864~1396~-198~-43~150~0~1~0~rust2~0.5~1~0.5~1~0.5~1~0.5~1, CustomDecal><-0.1605835><175.3808><-127~891~1109~748~859~-313~19~190~0~1~1~runningwhite~0.0326087~1~0.0326087~1~0.0326087~1~0.0326087~1, DangleFruit><213.402><533.6299><0~0~2~3, 
AmbientSounds: OMNI><RWTW_RotAmb_VanillaRot.ogg><774.3427><504.8766><0.1521739><1, OMNI><RWTW_DustStorm_Deep.ogg><774.5737><427.3141><0.1521739><1, SPOT><RWTW_DustStorm_Gusting.ogg><772.1368><312.1041><0.3043478><1><466.1368><858.1041><44.64465><-184.3553><0><0.2413045, SPOT><RWTW_DustStorm_Gusting.ogg><779.1837><197.6708><0.1956522><0.823913><528.1837><528.6708><-11.35535><-245.3553><0><0.1217393, 
FadePalette: 19, 0.75
WetTerrain: OFF
