Template: NONE
DangerType: FloodAndRain
CeilingDrips: 0
RainIntensity: 0.3506904
RumbleIntensity: 0.1082183
WaveSpeed: 0.5090041
WaveLength: 0.9954979
WaveAmplitude: 0.03820033
SecondWaveLength: 0.1666667
SecondWaveAmplitude: 0
Clouds: 0.4220508
Grime: 0.196989
Palette: 69
Effects: Darkness-0.4673913-20-20, WaterFluxMinLevel-0.1521739-30-30, WaterFluxMaxLevel-0.1521739-40-40, WaterDepth-0.04347826-50-50, 
PlacedObjects: CustomDecal><40.6474><5.928543><-0.9956055~256~724.978~220~722.9868~-7~-103.5432~-290~0.03246539~1~0~rustb2~0.2749382~1~0.4913748~1~0.2100074~1~0.1883638~1, CustomDecal><615.179><-47.67703><-53.76282~854~228.1698~888~222.1962~-4~-356.4275~-262~0~1~0~rustb2~0.5454831~0.4436944~0.5454831~0.4436944~0.5454831~0.4436944~0.5454831~0.4436944, CustomDecal><610.028><-51.73662><-39.82434~320~224.1874~303~233.1478~-2~-589.3997~-283~0~1~0~rustb2~0.2641164~1~0.2641164~1~0.2641164~1~0.2641164~1, CustomDecal><6.752396><9.765091><-1.991226~871~1046.559~742~980.8492~-11~-286.735~38~0.05410932~1~0~greybones~0~1~0.1017887~1~0.06932333~1~0.06932333~1, CustomDecal><617.7731><-2.288315><-71.68378~161~284.9196~161~219.2094~-23~-356.4276~-344~0~1~0~dirtywaterline~0.6104146~0~0.6104146~0~0.6104146~0~0.6104146~0, LightSource><711.4352><716.8209><0.08014513~Environment~0~100~-403.9971~-229.3975~1~0~None~0~0, 
AmbientSounds: SPOT><SO_WAT-Pour.ogg><594.7252><109.4717><0.229453><0.2947924><710.3328><58.47169><-45.31146><-45.35534><0><0.3705458, SPOT><waterGurgleLOOP2.wav><591.6952><218.7872><0.1645242><0.4935386><710.2897><590.7872><-27.3905><-118.3553><0><0.1541098, SPOT><RWTW_DustStorm_Gusting.ogg><760.0974><517.5731><0.14288><0.8636442><139.9509><711.5731><-35.35534><-35.35534><0><0.2623278, OMNI><RWTW_RotAmb_VanillaRot.ogg><766.6636><175.5298><0.09959279><0.8052076, OMNI><RWTW_DustStorm_Deep.ogg><834.6403><409.4519><0.1320582><0.590936, SPOT><waterGurgleLOOP3.wav><811.7742><274.4589><0.08877033><0.5519764><706.3569><60.45888><-35.35534><-35.35534><0><0.2947932, SPOT><AM_IND-Welder.ogg><132.2887><372.0987><0.3701381><0.1><195.1291><311.0987><-42.32462><-47.35535><0><0.1324655, SPOT><SO_WAT-LightFlow.ogg><718.8203><492.7104><0.2078108><0.2987463><709.9769><711.7104><-35.35534><-35.35534><0><0.2190399, 
FadePalette: 19, 0.6876473
