Template: NONE
DangerType: Sandstorm
CeilingDrips: 0
RainIntensity: 0.3586957
RumbleIntensity: 0.1086956
Clouds: 0.03584389
Grime: 0.1304348
Palette: 35
EffectColorA: 8
EffectColorB: 18
Effects: Darkness-0.4347826-20-20, 
PlacedObjects: CustomDecal><262.7708><-35.79518><165.2708~753~801.6397~799~342.6647~-268~-438.3426~98.00002~0~1~0~rust1~0.1849737~1~0.1849737~1~0.1849737~1~0.1849737~1, CustomDecal><947.1178><81.21869><93.58712~687~709.0483~527~494.9927~-143~119.4749~-336~0~1~0~rust2~0.1091249~1~0.1091249~1~0.1091249~1~0.1091249~1, CustomDecal><1416.054><37.20932><115.4905~574~422.3134~430~220.205~-85~368.3748~-36~0~1~0~rust2~0.1307214~1~0.1307214~1~0.1307214~1~0.1307214~1, CustomDecal><188.1715><275.771><77.65741~254~1607.086~204~1351.215~-143~0~0~0~1~0~rust2~0.08810226~1~0.08810226~1~0.08810226~1~0.08810226~1, LightSource><1150.806><320.0602><0.3182254~Environment~0~100~-88.95605~-254.3975~1~0~None~0~0, LightSource><791.8971><359.9267><0.2424714~Environment~0~100~-59.51685~-464.3975~1~0~None~0~0, SeedCob><1111.47><459.6977><-188~-96~2~3, DangleFruit><1306.642><469.5819><0~0~2~3, DangleFruit><1186.583><507.8592><0~0~2~3, 
AmbientSounds: SPOT><AM_ENV-CityTone.ogg><756.192><567.0133><0.251098><0.6688518><-162.6368><366.0133><127.9243><-181.3553><0><1, SPOT><AM_IND-ElectricHum01.ogg><723.2819><297.6092><0.1645236><0.6883322><1140.065><412.6092><-122.9688><-145.3553><0><0.1757527, SPOT><AM_IND-Utility02.ogg><729.2549><457.373><0.2402768><0.8052064><393.8524><539.373><-35.35534><-35.35534><0><0.251506, OMNI><RWTW_RotAmb_VanillaRot.ogg><776.7124><111.6152><0.1383096><0.7746394, 
FadePalette: 19, 0.4841252, 0.3805759
