Template: NONE
DangerType: None
CeilingDrips: 0
RainIntensity: 0.1086956
RumbleIntensity: 0.02173913
WaveSpeed: 0.5
WaveLength: 0.75
WaveAmplitude: 0.0480924
SecondWaveLength: 0.1666667
SecondWaveAmplitude: 0
Clouds: 0.1521739
Grime: 0.02173913
Palette: 35
EffectColorA: 8
EffectColorB: 0
Effects: GreenSparks-0.2173913-20-20, ElectricDeath-1-30-30, 
PlacedObjects: CustomDecal><-84.81525><1649.673><-21~2373~1016~2394~1085~-96~36~622~0~1~0.7717391~rust2~0.2717391~1~0.2717391~1~0.2717391~1~0.2717391~1, AdjustableFan><72.32428><1426.155><5~8.660254~0~0.497826~0.6630435~0.05434782, AdjustableFan><218.8681><1425.589><5~8.660254~0~0.4652173~0.6847826~0.08695652, AdjustableFan><357.9452><1426.043><5~8.660254~0~0.421739~0.7065217~0.05434782, SlimeMold><363.2946><1541.555><0~0~2~3, RottenDangleFruit><311.4053><1099.426><0~0~2~3, RottenDangleFruit><284.5575><1072.442><0~0~2~3, LightSource><224.8><1874.75><0.2173913~EffectColor1~336~-31~50~86.60254~0~0~None~0~0, DangleFruit><659.9766><1799.051><0~0~2~3, LightSource><442.8003><3228.261><0.3369565~Environment~-339~-52~-432~-245.3975~1~0~None~0~0, CustomDecal><129.2369><615.4496><-117~-650~748~-636~671~19~-217~-410~0~1~0.6304348~rust2~0.2608696~1~0.2608696~1~0.2608696~1~0.2608696~1, 
AmbientSounds: OMNI><RWTW_AmbInterior.ogg><143.93><301.5872><0.1086956><1, SPOT><RWTW_AmbSubBubble.ogg><781.1124><285.1049><0.09782609><1><577.1124><945.1049><-58.35535><-117.3553><0><0.2630436, SPOT><SO_IND-Boiler.ogg><506.0181><111.3008><0.07608695><1><240.0181><1825.3><229.6447><-282.3553><0><0.328261, SPOT><RWTW_DustStorm_Deep.ogg><561.8292><304.9337><0.1304348><0.7797766><43.82922><123.9337><209.6447><-58.35535><0><0.2630436, OMNI><RWTW_RotAmb_VanillaRot.ogg><143.8326><222.3905><0.06521739><1, SPOT><RWTW_DustStorm_Deep.ogg><289.054><421.71><0.09782609><1><433.054><3367.71><29.64465><-561.3553><0><0.9369566, SPOT><RWTW_DustStorm_Gusting.ogg><728.0214><521.3011><0.07608695><1><985.0215><3514.301><-158.3553><-125.3553><0><0.3826088, 
FadePalette: 10, 0.6630435, 0.6630435, 0.6739131, 0.6630435, 0.6739131
