DangerType: Sandstorm
CeilingDrips: 0
WaveSpeed: 0.5
WaveLength: 0.75
WaveAmplitude: 0.04887358
SecondWaveLength: 0.1666667
SecondWaveAmplitude: 0
Clouds: 0.3369565
Grime: 0
Palette: 78
EffectColorA: 6
EffectColorB: 10
PlacedObjects: BrainMold><1810.967><83.24451><55.58704~125.7347, GooDrips><1814.516><434.5228><129.7031~129.8523~0~0~0.9028049, GooDrips><4094.871><496.322><159.5554~-8.085876~0~0~0.2826087, BrainMold><4080.784><167.4709><92.64508~118.529, 
AmbientSounds: OMNI><SO_SFX-Drowning.ogg><766.1851><297.0642><0.2065217><1, OMNI><RWTW_RotAmb_UnfortEvo.ogg><769.7605><380.4253><0.05434782><1, OMNI><RWTW_RotAmb_Med.ogg><781.9442><227.9227><0.2065217><1, SPOT><RWTW_RotAmb_Swarm.ogg><61.81299><212.1958><0.173913><1><460.813><161.1958><38.64465><-137.3553><0><0.2195652, OMNI><RWTW_RotAmb_Deep.ogg><786.0896><457.0056><0.1956522><1.156522, SPOT><RWTW_RotAmb_Goo.ogg><770.9261><77.21982><0.1630435><1><1801.926><60.21982><-77.35535><54.64465><0><0.5239132, SPOT><RWTW_RotAmb_Low.ogg><573.1408><74.48297><0.1630435><1><2841.141><305.483><-51.35535><-39.35535><0><0.3826088, SPOT><RWTW_RotAmb_Goo.ogg><391.154><79.24736><0.1847826><1><4098.154><150.2474><-127.3553><14.64465><0><0.2956523, 
FadePalette: 10, 0.2608696, 0.2282609, 0.2717391, 0.2717391, 0.2608696
RoomSpecificScriptActive: ON
