Template: NONE
DangerType: Sandstorm
RainIntensity: 0.7065217
RumbleIntensity: 0.1086956
Clouds: 0.08695652
Grime: 0.1304348
RandomItemDensity: 1
RandomItemSpearChance: 1
Palette: 35
EffectColorA: 8
Effects: OuterRimView-1-20-20, GreenSparks-0.2065217-19-84, BkgOnlyLightning-0.5543478-191-60, 
PlacedObjects: CustomDecal><6.604797><166.3875><-98~378~1089~680~716~-197~105~330~0~0.7934783~1~runningwhite~0.173913~1~0.173913~1~0.173913~1~0.173913~1, CustomDecal><-17.06985><714.915><-188~1328~1006~1436~798~-543~-173~972.9998~0~1~1~rust2~0.2282609~0.4891304~0.2282609~0.4891304~0.2282609~0.4891304~0.2282609~0.4891304, CustomDecal><588.1475><1676.115><-47~125~82~147~113~22~197~-104~0~0.07608695~0~whitetag2~0.1304348~0.2391304~0.1304348~0.2391304~0.1304348~0.2391304~0.1304348~0.2391304, CustomDecal><-71.32837><699.6473><-44~884~420~636~294~-40~321~309~0.25~1~1~runningwhite~0.1956522~1~0.1956522~1~0.1956522~1~0.1956522~1, CustomDecal><-158.8293><225.3164><-55~467~1093~520~882~-102~-54~108~0.5869565~0.7173913~0~full wall~0.4565217~0.08695652~0.4565217~0.08695652~0.4565217~0.08695652~0.4565217~0.08695652, CustomDecal><645.6758><336.4357><37~324~740~232~664~-80~-188~162~0~1~0~brainghosts~0.5~0.5869565~0.173913~0.5869565~0~0.5869565~0~0.5869565, ClimbablePoleH><587.3132><1252.679><-1^0, ClimbablePoleH><597.8828><1304.912><-1^0, 
AmbientSounds: OMNI><MSC-ShadowAlley.ogg><734.9462><233.5389><0.423913><0.8043478, 
FadePalette: 10, 0.6847826, 0.6521739, 0.6195652
WetTerrain: OFF
