Template: NONE
DangerType: Sandstorm
CeilingDrips: 0
RainIntensity: 0.5
RumbleIntensity: 0.1086956
WaveSpeed: 0.5
WaveLength: 0.75
WaveAmplitude: 0.04979495
SecondWaveLength: 0.1666667
SecondWaveAmplitude: 0
Clouds: 0.1085524
Grime: 0.09782609
Palette: 69
EffectColorA: 7
EffectColorB: 16
Effects: ModifyEffectColorB-0.9673913,0.4782609,0.3043478-20-20, Darkness-0.3478261-30-30, 
PlacedObjects: CustomDecal><487.2069><123.2266><-227~929~746~778~560~-75~-416.3983~-442~0.1521739~1~0~rustb1~0.5108696~1~0.5108696~1~0.5108696~1~0.5108696~1, ReliableSpear><353.3085><226.5576><, ReliableSpear><225.4832><196.3007><, ReliableSpear><465.399><236.6726><, CustomDecal><74.89883><29.99165><-129.429~868~1045.564~850~967.9063~-11~-380.3221~26~0~1~0~greybones~0.09959245~1~0.09959245~1~0.02383987~1~0.04548347~1, CustomDecal><731.0283><103.2811><-19.91217~800~389.4583~364~180.3807~-71~-136.3983~-323~0~1~0~rustb2~0.3160294~1~0.3160294~1~0.3160294~1~0.3160294~1, CustomDecal><-11.47995><415.3036><-34.84625~502~826.53~376~1026.647~-62~-301.6691~-229~0~1~0~rustb2~0.5~1~0.4783564~1~0.2835636~1~0.2727418~1, CustomDecal><54.31374><2.22438><-77.6574~891~316.7789~718~403.3968~-9~82.63542~-292~0~1~0~rustb2~0.2402765~1~0.5021963~1~0.5432875~1~0.2510983~1, CustomDecal><7.263962><-29.69286><-208.082~387~1178.975~176~1018.682~4~177.2182~-279~0~1~0~rustb2~0.2943855~1~0.2943855~1~0.2943855~1~0.2943855~1, UniqueDataPearl><148.162><562.1327><293~-39~0~0~LOOK_PZZL~1, 
AmbientSounds: OMNI><RWTW_DustStorm_Deep.ogg><786.3009><536.5187><0.1413043><0.6673913, SPOT><RWTW_DustStorm_Gusting.ogg><338.5801><86.56369><0.2171528><0.55><556.072><779.5302><-143.3202><-189.3553><0><0.2843528, SPOT><OM.wav><528.2141><535.5286><0.3701384><0.5909348><541.5377><335.5274><-34.30707><-39.35535><0><0.2298624, OMNI><RWTW_RotAmb_VanillaRot.ogg><765.2258><177.8119><0.1304348><1, SPOT><RWTW_ElderRippleAmbiance.ogg><743.8989><562.8835><0.3369565><0.2565217><541.8989><333.8835><-110.3553><-122.3553><0><0.1, 
FadePalette: 19, 0.4768285
RoomSpecificScriptActive: ON
WetTerrain: OFF
