Clouds: 0
Grime: 0.2065217
Palette: 300
PlacedObjects: SpinningTopSpot><470.4816><4230.22><0~0~looker~WARA~wara_p08~450~550~14~false, 
AmbientSounds: OMNI><AM_WIN-StrongWnd2.ogg><748.9342><587.0327><0.5><1, SPOT><RWTW_PlateTree_B2.ogg><238.2966><387.8145><0.3977933><0.280838><502.8823><268.3406><-346.5093><406.3087><0><1, SPOT><SO_SFX-DataTrans2.ogg><419.4915><487.343><0.2212548><1.31777><475.5015><2531.587><-219.1413><143.1897><0><0.2672471, SPOT><SO_SFX-Data2.ogg><438.7503><365.1762><0.2955873><0.7491296><593.9192><1796.105><-51.59692><-112.2408><0><0.2022068, SPOT><SO_SFX-DataTrans.ogg><176.4884><249.268><0.2955866><0.5149829><479.541><390.3503><184.333><-155.8092><0><0.4530769, 
FadePalette: 301, 0, 0, 0, 0, 0, 0
