Template: NONE
DangerType: None
CeilingDrips: 0
Clouds: 0.3043478
Grime: 0
Palette: 81
EffectColorA: 15
EffectColorB: 14
Effects: Fog-0.8586956-20-20, 
PlacedObjects: LightSource><356.6881><308.012><0.1567317‾White‾-495.8017‾248.2228‾-191.6802‾-296.0897‾0‾1‾None‾0‾0, LightSource><1165.115><-51.33624><1‾White‾3‾663‾-281‾-58.39746‾0‾0‾None‾0‾0, CustomDecal><665.0953><543.1268><0‾70‾123‾70‾129‾10‾-899‾-892‾0‾1‾0‾candytag‾0‾0‾1‾1‾0‾0‾0.5‾1, CustomDecal><406.3915><601.8586><1‾76‾239‾81‾237‾2‾-626‾-951‾0‾0‾0‾orangepink‾0‾1‾0‾1‾0‾1‾1‾1, CustomDecal><-57.84839><-53.1741><268‾723‾1310‾761‾1309‾0‾-461‾-293‾0‾1‾0‾greybones‾0.2065217‾1‾0.2065217‾1‾0.2065217‾1‾0.2065217‾1, CustomDecal><511.1815><77.65872><-14‾196‾404‾161‾420‾31‾-728‾-424‾0‾0‾0‾rustb2‾1‾1‾1‾1‾1‾1‾1‾1, CustomDecal><812.5184><63.69911><-14‾353‾437‾560‾481‾-7‾-1090.997‾-420.0053‾0‾0.5978261‾0‾iraf‾0.7065217‾0‾0.7065217‾0‾0.7065217‾0‾0.7065217‾0, CustomDecal><334.3883><384.6659><-1‾99‾142‾105‾110‾4‾-673‾-734‾0‾0.5108696‾0‾holechicken‾1‾0.4021739‾0‾0.4021739‾1‾0.4021739‾0‾0.4021739, LightSource><1147.376><-24.65697><0.1086956‾EffectColor2‾-1192‾307‾-332‾-107.3975‾0‾0‾None‾0‾0, CustomDecal><77.16504><-76.13702><-105‾810‾718‾767‾669‾3‾-76‾-292‾0‾1‾0‾blackrust1‾0.3043478‾1‾0.3043478‾1‾0.3043478‾1‾0.3043478‾1, LightBeam><-16.40442><-57.32434><737‾671‾979‾685‾552‾0‾806‾-72‾0.7478261‾1‾1‾0‾None‾0‾0, CustomDecal><218.9056><124.6763><1‾56‾319‾58‾313.2523‾9.430435‾-383‾-473‾0‾0.05434782‾0‾scav wedges2‾0.7065217‾0‾0.7065217‾0‾0.7065217‾0‾0.7065217‾1, CustomDecal><277.7673><459.4492><0‾69‾75‾70‾71‾3‾-550.9999‾-807‾0‾1‾0‾windwarning‾1‾0‾0‾0‾0‾0‾1‾0, CustomDecal><1011.857><548.0809><0‾82‾238‾85‾238‾1‾-1221‾-894‾0‾1‾0‾scav wedges2‾0.7391304‾1‾0.7391304‾1‾0.7391304‾1‾0.7391304‾1, LocalBlizzard><595.198><217.4716><-775‾418‾330‾348.6025‾0.3804348‾1‾0.4673913, FairyParticleSettings><187.6708><117.3959><-313‾-487.3398‾1‾2.717391‾9.782609‾0.5543478‾1.128429‾6.713982‾59.78261‾375‾108.6956‾293.4782‾0‾0‾39.13043‾133.0435‾0‾0‾0‾0‾0.1521739‾0.1521739‾0.2826087‾0‾4.521739‾Dandelion‾SIN_IO‾SIN_IO‾78.26087‾0.08695652‾0, WindDirection><71.24191><267.7909><632.7982‾2.033081, FloatingDebris><452.2927><292.4176><-416.4821‾142.2713‾9768093‾5‾30‾0.05424549‾0.332842‾53‾320.4691‾-69.61078‾4.368029‾-0.2392212‾0.01139282‾Rock‾0.5262381‾0v0v0v0‾0, FloatingDebris><586.3806><273.0732><-799.8063‾-188.0824‾462910744‾1‾30‾3‾3‾33‾245.6096|-396.9939‾174.1674|21.52127‾3.188396|-0.279705‾0|-0.1253064‾1.423939|3.992723‾Gilded Wind‾0.5804838‾0.187959v-0.3531384v0v0|-1.976427v-0.06265381v0v0‾0, 
AmbientSounds: OMNI><RWTW_AR_BuzzyMachine.ogg><574.3495><150.8817><0.2065217><1, OMNI><RWTW_AR_WindyCliff.ogg><763.1179><326.3499><0.2065217><1, OMNI><RWTW_AR_ClinkMachine.ogg><341.4281><191.5909><0.1099648><0.3536564, SPOT><RWTW_AR_Heater.ogg><146.0245><403.5819><0.1355345><0.9263295><383.9333><321.8299><-35.35534><-35.35534><0.6577984><0.2086958, SPOT><SO_IND-Generator.ogg><756.3136><443.6577><0.2450263><0.9516888><531.0906><487.9572><-35.35534><-35.35534><0><0.2006478, 
FadePalette: 35785, 1
