Template: NONE
DangerType: None
Clouds: 0.3019426
Grime: 0
Palette: 81
EffectColorA: 15
EffectColorB: 14
PlacedObjects: AdjustableFan><453.0505><485.637><5~8.660254~0~0.4~0.5~0.1, AdjustableFan><332.0277><487.199><5~8.660254~0~0.4~0.5~0.1, FloatingDebris><683.8622><343.4122><133.3362~127.1631~572266828~0~30~0.181163~0.4512993~19~-448.1616|-429.6441|-174.0817|-111.7356|-34.57422~-100.0051|56.17303|30.86349|51.85196|162.3496~1.321015|0.06480896|0.08332794|0.1203659|0.5092682~0.8148425|0.2654407|-0.7716308|0.09876892|1.475358~0|0|0|-0.006173096|0~Gilded Wind~1~0.01234619v1.956856v0v0|0v0.7531121v0v0|0v0.7160736v0v0|0v0.6234778v0v0|0v1.098802v0v0~0, BlueToken><806.2518><402.9651><37.65558~-46.30127~43.82861~-274.7007~1~ScavengerTemplar~~0~0~0~0~0~0, RippleSpawnEgg><230.3639><433.5111><, RippleSpawnEgg><649.7789><518.1626><, 
AmbientSounds: OMNI><RWTW_AR_ClinkMachine.ogg><591.5021><196.971><0.2028304><0.3536552, OMNI><RWTW_AR_GearWorks.ogg><596.3085><112.5048><0.1037737><1, OMNI><RWTW_AR_BuzzyMachine.ogg><587.0956><30.03936><0.2090209><1, SPOT><SO_IND-MechHum02.ogg><790.4109><340.1421><0.5><1.169088><389.256><491.8527><-54.49182><-54.49182><0><0.1, SPOT><SO_IND-WinFan.ogg><761.6139><246.6475><0.5><1><391.9416><490.3366><47.36353><-60.04752><0><0.2274867, 
FadePalette: 35785, 1
