Template: NONE
DangerType: None
CeilingDrips: 0
Clouds: 0.1086956
Grime: 0
Palette: 148
EffectColorA: 15
EffectColorB: 14
Effects: Fog-0.8043478-20-20, 
PlacedObjects: LightBeam><355.1031><397.9213><-1‾30‾315‾30‾313‾0‾532.9999‾-490‾0.8239129‾1‾0.4891301‾0‾None‾0‾0, LightSource><674.689><1196.184><1‾EffectColor2‾-144‾-9‾203.9999‾-1197.397‾0‾0‾None‾0‾0, CustomDecal><574.8929><1139.419><0‾121‾182‾121‾182‾0‾-943‾-1459‾0‾0.1304348‾0‾ridgemap‾1‾0‾1‾0‾1‾0‾1‾0, LightBeam><108.66><-23.98812><490‾1229‾606‾1172‾277‾-223‾534‾-9.999971‾0.3673912‾1‾0.8804348‾0‾None‾0‾0, CustomDecal><303.7875><671.3486><-6‾989‾339‾880‾706‾-6‾-635‾-990‾0‾1‾0‾greybones‾0.1521739‾1‾0.1521739‾1‾0.1521739‾1‾0.1521739‾1, CustomDecal><85.64563><51.57941><29‾769‾728‾724‾625‾-81‾-391‾-367‾0‾1‾0‾greybones‾0.1521739‾1‾0.1521739‾1‾0.1521739‾1‾0.1521739‾1, CustomDecal><554.5657><452.8277><7‾124‾217‾153‾215‾3‾-815‾-777‾0.2717391‾0.3695652‾0‾biggreen‾0.5869565‾1‾0‾1‾0.5543478‾1‾0‾1, CustomDecal><350.0934><231.1768><4‾148‾265‾110‾251‾-29‾-578‾-554‾0.2282609‾0.3586957‾0‾brainghosts‾0.4782609‾1‾0.4782609‾0‾0.4782609‾0‾0.4782609‾0, CustomDecal><206.5584><3.691284><-113‾660‾426‾720‾576‾70‾-444‾-319‾0‾0.3586957‾0‾cactusman‾0.2065217‾1‾0.2065217‾1‾0.2065217‾1‾0.2065217‾1, CustomDecal><221.1866><95.32187><-26‾183‾338‾157‾353‾14‾-411‾-416‾0‾0.2065217‾0‾rust3‾0.6086956‾1‾0.6086956‾1‾0.6086956‾1‾0.6086956‾1, LightSource><820.673><56.1496><1‾EffectColor1‾410‾298‾50‾86.60254‾0‾0‾None‾0‾0, CustomDecal><224.7865><885.5533><-79‾594‾479‾664‾568‾109‾-449‾-1210‾0‾1‾0‾blackrust1‾0.6956522‾1‾0.6956522‾1‾0.6956522‾1‾0.6956522‾1, CustomDecal><636.6724><757.3514><-6‾448‾211‾291‾195‾13‾-897‾-1081‾0‾0‾0‾brainghosts‾0.1630435‾1‾0.1630435‾1‾0.1630435‾1‾0.1630435‾1, CustomDecal><215.8595><85.30062><368‾1092‾510‾1095‾370‾-118‾-408‾192‾0‾0.3586957‾0‾datapanel3‾0.3043478‾1‾0.3043478‾1‾0.3043478‾1‾0.3043478‾1, CustomDecal><326.6308><910.3488><9‾428‾252‾388‾262‾82‾-617‾-472‾0‾0.3804348‾0‾junkgraffitikogad‾1‾0‾1‾0‾1‾0‾1‾0, LightSource><669.3855><1194.914><0.02173913‾EffectColor1‾-265‾-98‾-592‾34.60254‾0‾1‾Flash‾1‾0, LightSource><360.283><308.0528><0.05434782‾EffectColor1‾437‾116‾-541.5966‾15.34784‾0‾1‾None‾0‾0, LightBeam><343.9634><752.3033><254‾483‾405‾492‾294‾-17‾-554.0707‾333.8832‾0.05217378‾1‾1‾0‾None‾0‾0, LightSource><671.7371><1209.221><0.10849‾White‾0‾100‾176.4459‾-28.45166‾0‾0‾Flash‾0.9967565‾0, CosmeticRipple><350.6725><994.7422><-381.6155‾-101.954‾-253.7853‾25.06134‾350.6725‾994.7422‾255.0197‾1‾1‾False‾1‾False‾0‾False‾-1‾0‾False, DangleFruit><182.2117><546.4688><0‾0‾3‾4, DangleFruit><398.2433><1245.093><136.4244‾25.92682‾2‾3, DangleFruit><450.1036><1290.887><0‾0‾2‾3, 
AmbientSounds: OMNI><RWTW_AR_BuzzyMachine.ogg><345.1008><29.82727><0.2065217><1, OMNI><RWTW_AR_GearWorks.ogg><148.3978><23.42194><0.1086956><1, SPOT><RWTW_AR_StaticRadio.ogg><68.55518><338.5451><0.2826087><0.8043478><671.5552><1201.545><0.6446533><-70.35535><0><0.7086958, SPOT><RWTW_AR_Heater.ogg><236.8058><192.548><0.1630435><0.4521739><533.8059><958.5482><-39.35535><-56.35535><0><0.1869567, SPOT><RWTW_AR_WindyCliff.ogg><348.9913><481.9498><0.1521739><1><672.9913><1511.95><-67.35535><-61.35535><0><0.1, SPOT><RWTW_AR_Pumps.ogg><728.1579><386.6228><0.1195652><0.6086956><273.1579><320.6228><-32.35535><-30.35535><0><0.078261, 
FadePalette: 35785, 0.7065217, 0.7065217
