Template: NONE
DangerType: None
Clouds: 0.1073572
Grime: 0
Palette: 81
EffectColorA: 10
EffectColorB: 16
PlacedObjects: LightSource><682.6878><116.2443><0.2417881~EffectColor2~-395.0751~129.6306~-404.9539~-141.8004~0~0~None~0~0, LightSource><494.2965><358.3439><0.1545596~Environment~619.157~-230.2582~433.9638~-467.1201~0~1~None~0~0, FloatingDebris><567.3871><298.2685><261.1182~-516.686~1838337000~0~30~0.25~0.5~4~-72.22296~3.702179~0.8950751~-0.1543262~0.07407653~Rock~1~0v0v0v0~0, FloatingDebris><813.6815><-11.33101><94.44592~25.30777~894363359~25~30~0~0.5434968~11~-679.0339|-306.1833|-414.8306|19.75031~152.4726|212.3513|504.9538|523.4731~0.1357895|0.07715454|0.1080194|0.07715454~0.3703827|-1.530917|-1.703762|-0.5679224~-0.2654413|-0.3580371|-0.2530951|0~Gilded Wind~1~1.728454v1.722281v0v0|-0.5308819v0.4444598v0v0|-0.1481531v2.450701v0v0|0.8395349v2.672931v0v0~0, CustomDecal><-50.90836><33.87946><-19.75374~670.2686~932.623~630.1437~1061.023~-83.95349~-341.987~-375.3215~0~1~0~greybones~0.3558562~1~0.3558562~1~0.3558562~1~0.3558562~1, RippleTree><660.1036><297.1315><-1.851929~109.2595~0.1073582~0.5~left, RippleStalk><366.3573><92.59053><-9.876892~32.71375~right, RippleStalk><148.4727><208.1163><-2.469238~33.94836~right, CosmeticRipple><488.6212><336.5932><-812.3734~-133.9552~745.0908~-329.6409~488.6212~336.5932~814.7536~0~1~False~0.5~True~0~True~-1~0~False, CosmeticRipple><708.3872><447.0027><156.1782~111.7322~-529.6443~101.8553~708.3872~447.0027~539.3492~0.06038898~0.5437304~True~0.3625647~False~0~False~-1~0~False, CosmeticRipple><252.5414><340.8533><79.63232~173.4627~474.711~-267.2931~252.5414~340.8533~544.79~0.2047676~0.6041207~True~0.4932901~False~0~False~-1~0~False, RippleStalk><542.4659><210.3248><1.25~43.75~left, RippleStalk><538.8431><350.6976><0~37.5~left~depth|19.15761, RippleStalk><576.1212><415.5585><0~43.75~right~spiralAmount|1~depth|23.2337, RippleSpawnEgg><260.9965><397.4875><, 
AmbientSounds: OMNI><RWTW_AR_BuzzyMachine.ogg><762.2041><522.5302><0.2090209><1, OMNI><RWTW_AR_ClinkMachine.ogg><750.4207><473.0303><0.2028304><0.3536552, OMNI><RWTW_AR_GearWorks.ogg><755.758><387.2967><0.1037737><1, 
FadePalette: 35785, 1
