Template: NONE
DangerType: None
CeilingDrips: 0
Clouds: 0.7065217
Grime: 0
RandomItemDensity: 0
RandomItemSpearChance: 0
Palette: 81
EffectColorA: 15
EffectColorB: 14
Effects: Fog-1-20-20, 
PlacedObjects: LightSource><421.1796><355.412><0.3043478‾White‾1356‾-758‾-655.3971‾-29.32352‾0‾1‾None‾0‾0, LightSource><1568.192><413.5563><0.2065217‾White‾-1339‾-760‾-406.7842‾-519.6934‾0‾1‾None‾0‾0, CustomDecal><676.0507><263.2666><-21‾129‾126‾122‾123‾7‾-1093‾-609‾0.1086956‾1‾0‾windwarning‾1‾0.3478261‾1‾0.3478261‾1‾0.3478261‾1‾0.3478261, CustomDecal><1178.177><-50.4361><0‾472‾920‾570‾853‾0‾-323‾-295‾0‾1‾0‾greybones‾0.3043478‾1‾0.3043478‾1‾0.3043478‾1‾0.3043478‾1, CustomDecal><-178.9022><-45.12021><0‾436‾1356‾466‾1358‾-5‾-241‾-303‾0‾1‾0‾greybones‾0.3043478‾1‾0.3043478‾1‾0.3043478‾1‾0.3043478‾1, LightSource><680.4755><37.55151><1‾White‾2‾90‾1259‾-151.3975‾0‾0‾None‾0‾0, CustomDecal><1804.608><-47.10893><-6‾99‾-356.6204‾130.7892‾-369.0897‾40.52856‾-1106‾-298‾0.2065217‾1‾0‾canworm‾0.5326087‾0.5108696‾0.5326087‾0.5108696‾0.5326087‾0.5108696‾0.5326087‾0.5108696, LightBeam><999.438><60.05988><-49‾80‾-48‾80‾-1‾7‾-242‾-204‾0.1499999‾1‾0‾0‾None‾0‾0, LightBeam><1423.502><237.408><413.9584‾614.638‾482.2472‾633.5559‾577.8357‾-158.0829‾392‾-171‾0.1241123‾1‾0‾1‾None‾0‾0, CustomDecal><1762.37><453.2065><-75‾165‾143.7811‾273.7072‾132‾104‾-142.1367‾-789.4055‾0‾0.324504‾0‾braceface‾0.6065316‾0‾0.6065316‾0‾0.6065316‾0‾0.6065316‾0, CustomDecal><944.2885><437.3006><-86‾413‾398‾385‾542‾26‾-71‾-738‾0‾1‾0‾whitetagdecent‾0.5‾1‾0.5‾1‾0.5‾1‾0.5‾1, LightSource><153.3058><302.2978><0.5‾White‾273‾229‾50‾86.60254‾0‾0‾None‾0‾0, LocalBlizzard><664.161><701.6314><696‾131‾-414.2592‾-136.5795‾0.08695652‾1‾0.5, LocalBlizzard><972.8121><115.6814><1207‾-457‾-27.67923‾-180.9457‾0.04347826‾1‾0.5, LocalBlizzard><1340.636><594.1643><596‾5‾-801.1035‾-31.00159‾0.08695652‾1‾0.5, FairyParticleSettings><1172.394><202.389><-812.4835‾-480.335‾1‾2.717391‾9.782609‾0.5543478‾1.128429‾3.840141‾59.78261‾375‾108.6956‾293.4782‾0‾0‾35.21739‾90‾0‾0‾0‾0‾0.5‾0.5‾0.2826087‾0‾4.521739‾Dandelion‾SIN_IO‾SIN_IO‾78.26087‾0.08695652‾0, FloatingDebris><920.0957><318.8511><-37.71454‾-384.5859‾989688744‾21‾27‾0‾0‾20‾78.60142‾51.70874‾1.7252‾0.1480896‾-0.3702241‾Rock‾0.5185726‾0v0v0v0‾0, FloatingDebris><202.5134><361.9702><-254.1533‾-333.3241‾1500668875‾1‾30‾3‾3‾50‾1917.883|-292.7617‾271.5649|37.46939‾1.491062|2.989657‾0.1082196|0.2221347‾2.261213|1.680246‾Gilded Wind‾0‾-0.1993524v-0.1708734v0v0|-0.8942326v-0.0398706v0v0‾0, WindRect><-172.4223><259.8317><-1.236324‾139.4755‾1365.339‾124.6468‾665.5797‾-1.853577‾0.524094‾Creatures, WeaverSpot><684.7114><649.1786><0‾-460, 
AmbientSounds: OMNI><AM_ENV-CityTone.ogg><687.1998><24.49207><0.2065217><1, OMNI><SO_ENV-StrongWnd.ogg><289.5464><27.19452><0.1857695><1, OMNI><AM_WIN-HowlingWnd.ogg><97.30206><28.55688><0.08399548><1.9, OMNI><AM_WIN_Hilltop.ogg><478.212><28.55365><0.2035589><1.9, 
FadePalette: 35785, 1, 1
