Clouds: 0.05434782
Grime: 0
Palette: 80
EffectColorA: 10
PlacedObjects: CustomDecal><346.3127><101.3199><-62~684~442~684~243~-55~-501~243~0~1~0~greybones~0.1086956~1~0.1086956~1~0.1086956~1~0.1086956~1, CustomDecal><332.8867><103.104><-56~685~429~686~276~-21~-400~-68~0~1~0~bluesmoker~0.2065217~1~0.2065217~1~0.2065217~1~0.2065217~1, CustomDecal><246.0764><794.3152><-39~769~535~760~477~-3~-681~-285~0~1~0~greybones~0.1086956~1~0.1086956~1~0.1086956~1~0.1086956~1, CustomDecal><249.8002><797.4901><-35~760~530~758~463~-7~-684~-288~0~1~0~bluesmoker~0.2065217~1~0.2065217~1~0.2065217~1~0.2065217~1, LightSource><488.0379><1151.696><0.05434782~EffectColor1~655~282~398.9999~-345.3975~1~0~None~0~0, LightSource><484.8511><454.3275><0.05434782~EffectColor1~511~205~50~86.60254~1~0~None~0~0, CustomDecal><452.4941><1084.95><-6~95~207~87~211~0~-672~62~0~1~0~bonetype~0.4565217~0.4021739~0.5~0.4021739~0.1086956~0.4021739~0.4565217~0.4021739, LightSource><327.0823><719.641><0.06521739~Environment~110~68~211~-101.3975~1~0~None~0~0, CustomDecal><282.3002><1066.509><7~116~125~125~131~22~-385~-217~0~1~0~frankencat~0.2826087~1~0.2826087~1~0.2826087~1~0.2826087~1, LightSource><358.3762><173.4071><0.3043478~EffectColor1~-528~620~50~86.60254~0~0~None~0~0, WaterNut><383.1267><925.4077><495~39~2~3, WaterNut><341.1923><961.4418><552~-65~2~3, 
AmbientSounds: OMNI><SO_NAT-WindTunnel.ogg><140.2729><23.6987><0.1521739><1, OMNI><waterGurgleLOOP1.wav><139.1531><102.325><0.4021739><1, SPOT><AM_SUB-MysticCave1.ogg><867.3123><-1.069><0.4021739><0.4521739><474.3123><19.93097><0.6446533><92.64465><0><0.502174, OMNI><RWTW_AR_DripWorks.ogg><147.3788><212.347><0.1413043><1, SPOT><RWTW_AR_Heater.ogg><140.6607><452.679><0.1413043><0.6869565><382.6607><1351.679><-33.35535><-27.35535><0><0.1434782, SPOT><RWTW_AR_ClinkMachine.ogg><748.2366><545.6996><0.2065217><0.4521739><545.2366><950.6993><-53.35535><-43.35535><0><0.154348, SPOT><SO_WAT-Splashes.ogg><756.6977><397.7656><0.5><1><482.9423><379.7889><-56.34375><-50.17068><0><0.1, 
FadePalette: 33, 0.9021739, 0.9673913
