Clouds: 0.05434782
WaterReflectionAlpha: 0.1521739
Palette: 80
EffectColorA: 10
EffectColorB: 10
Effects: Fog-1-20-20, 
PlacedObjects: CustomDecal><298.3077><94.30505><-28~697~432~690~362~10~-730~-362~0~1~0~bluesmoker~0.2065217~1~0.2065217~1~0.2065217~1~0.2065217~1, CustomDecal><349.8387><104.3683><-66~690~372~686~252~-77~-750~-369~0~1~0~greybones~0.1086956~1~0.1086956~1~0.1086956~1~0.1086956~1, CustomDecal><268.1475><794.1351><-15~765~464~762~469~0~-699~387~0~1~0~greybones~0.1086956~0~0.1086956~0~0.1086956~0~0.1086956~0, CustomDecal><270.1937><790.9501><-11~764~464~772~449~-3~-704~389~0~1~0~bluesmoker~0.2065217~0~0.2065217~0~0.2065217~0~0.2065217~0, CustomDecal><558.2131><408.0534><-6~105~-141~103~-138~2~44~-278~0~0~0~bubbleweed~0.5543478~0~0.5543478~0~0.5543478~0~0.5543478~0, WaterNut><576.6553><934.624><163~-255~1~5, WaterNut><617.52><962.949><338~-197~1~5, LightSource><484.9075><206.1266><0.6086956~EffectColor1~-279~421~233~219.6025~1~0~Fade~0.4021739~0, 
AmbientSounds: OMNI><waterGurgleLOOP1.wav><125.6608><106.619><0.4021739><1, OMNI><SO_NAT-WindTunnel.ogg><126.2876><27.55356><0.1521739><1, SPOT><SO_IND-MechHum01.ogg><2.947571><451.0309><0.4565217><1><481.9476><461.0309><-35.35534><-35.35534><0><0.1, SPOT><AM_SUB-MysticCave1.ogg><763.4412><236.4412><0.4021739><0.4521739><482.4412><23.44116><6.644653><91.64465><0><0.502174, OMNI><RWTW_AR_DripWorks.ogg><314.4455><26.45776><0.1304348><1, SPOT><SO_WAT-Splashes.ogg><272.579><266.9037><0.4396117><1><455.6292><375.4881><-35.35534><-35.35534><0><0.1, 
FadePalette: 33, 0.9021739, 0.9673913
