Clouds: 0.05434782
Grime: 0
WaterReflectionAlpha: 0.1521739
Palette: 80
EffectColorA: 10
EffectColorB: 10
Effects: Fog-1-20-20, 
PlacedObjects: CustomDecal><217.4479><91.27899><-15~401~518~441~535~-76~-630~-434~0~1~0~bluesmoker~0.2065217~1~0.2065217~1~0.2065217~1~0.2065217~1, CustomDecal><219.8663><86.3512><120~508~536~381~453~-65~-591~-427~0~1~0~greybones~0.1086956~1~0.1086956~1~0.1086956~1~0.1086956~1, CustomDecal><533.2811><417.6976><-21~-85~157~-76~152~-2~-696~-567~0.2934783~1~0~pillman~0~1~0.1086956~1~0.8043478~0~0.8043478~1, CustomDecal><408.1986><403.2264><6~73~39~70~40~0~-703~-743~0~1~0~roundblack~1~1~1~1~1~1~1~1, LightSource><514.1204><187.7448><0.3043478~EffectColor1~340~-184~-241.3892~-238.6687~0~0~None~0~0, LightSource><697.1726><210.9344><0.3043478~EffectColor1~152~295~-229~360.6025~0~0~None~0~0, LightSource><307.1648><101.569><0.3043478~EffectColor1~-203~400~-531~53.60254~0~0~None~0~0, 
AmbientSounds: OMNI><SO_NAT-WindTunnel.ogg><115.6495><319.8271><0.1086956><1, OMNI><SO_SFX-Drowning.ogg><105.4884><226.3003><0.2065217><1, OMNI><RWTW_AR_DripWorks.ogg><117.2882><106.9463><0.1521739><1, SPOT><SO_IND-HVAC.ogg><726.6017><395.1453><0.4060622><1.1087><292.1124><375.8625><-40.9111><-39.67648><0><0.1, 
FadePalette: 33, 0.9673913
