Clouds: 0.05434782
Grime: 0
Palette: 80
EffectColorA: 10
EffectColorB: 10
Effects: Fog-1-20-20, 
PlacedObjects: LightSource><512.897><309.5786><0.3043478~EffectColor1~0~100~338~-230.3975~0~0~None~0~0, LightSource><835.8049><89.0735><0.3043478~EffectColor1~223~308~278~-202.3975~0~0~None~0~0, CustomDecal><308.8843><108.1017><75~421~268~414~268~-29~-681~-443~0~1~0~greybones~0.05434782~1~0.05434782~1~0.05434782~1~0.05434782~1, CustomDecal><305.8666><103.4125><51~416~377~450~320~-19~-722~-435~0~1~0~bluesmoker~0.1086956~1~0.1086956~1~0.1086956~1~0.1086956~1, LightSource><510.2392><547.6997><0.3043478~EffectColor1~0~100~-443~13.60254~0~0~None~0~0, LightSource><474.2896><126.7237><0.3043478~EffectColor1~296~320~281~203.6025~0~0~None~0~0, 
AmbientSounds: OMNI><SO_NAT-WindTunnel.ogg><128.2111><15.3038><0.1086956><1, OMNI><SO_SFX-Drowning.ogg><326.3668><12.60083><0.2065217><1, SPOT><SO_IND-FlourLight.ogg><757.4209><219.1461><0.451964><1><512.4209><302.1461><-35.35534><-35.35534><0><0.1, SPOT><RWTW_AR_Heater.ogg><779.8038><576.0418><0.136529><0.8043478><421.0617><401.769><-48.35535><-45.35535><0><0.1434784, SPOT><SO_WAT-Splashes.ogg><779.9255><399.2487><0.3658036><1><511.4912><268.851><-35.35534><-35.35534><0><0.1, 
FadePalette: 33, 0.9782609
