Clouds: 0.05434782
Palette: 80
EffectColorA: 10
EffectColorB: 18
Effects: Fog-1-20-20, 
PlacedObjects: LightSource><534.098><153.13><0.3043478~EffectColor1~90~105~94~-156.3975~0~0~None~0~0, CustomDecal><323.7428><280.9499><40~160~335~168~327~-133~-685~-621~0~1~0~greybones~0.05434782~1~0.05434782~1~0.05434782~1~0.05434782~1, CustomDecal><322.9289><284.8394><5~174~427~282~347~-229~-737~-622~0~1~0~bluesmoker~0.1086956~1~0.1086956~1~0.1086956~1~0.1086956~1, LightSource><671.8096><401.9387><0.3043478~EffectColor1~-55~88~50~86.60254~0~0~None~0~0, CustomDecal><562.3191><472.4377><0~40~40~40~40~0~270~-371~0~1~0~scavmark upsign~0.3586957~0~0.3586957~0~0.3586957~0~0.3586957~0, 
AmbientSounds: OMNI><waterGurgleLOOP1.wav><296.8002><13.50854><0.4565217><1, OMNI><SO_NAT-WindTunnel.ogg><112.6962><12.21106><0.1086956><1, OMNI><SO_SFX-Drowning.ogg><500.5943><19.62451><0.2065217><1, OMNI><RWTW_AR_DripWorks.ogg><108.0656><119.189><0.1521739><1, 
FadePalette: 33, 0.9782609
