Clouds: 0
Grime: 0
WaterReflectionAlpha: 0.1521739
Palette: 80
EffectColorA: 10
EffectColorB: 10
Effects: Fog-1-17-12, 
PlacedObjects: CustomDecal><307.3666><237.9125><30~286~367~161~278~-177~-669~-578~0~1~0~bluesmoker~0.2065217~1~0.2065217~1~0.2065217~1~0.2065217~1, CustomDecal><440.0135><328.6996><3~114~151~101~148~-8~-471~-257~0~0~0~bluesmoker~0.4045792~0~0.4045792~0~0.4045792~0~0.4045792~0, LightSource><463.4551><299.8051><0.2065217~EffectColor1~0~100~-658~221.6025~0~0~Flash~0.1086956~0, CustomDecal><310.8275><237.3156><32~273~394~149~293~-124~-638~-574~0~1~0~greybones~0.1086956~1~0.1086956~1~0.1086956~1~0.1086956~1, LightSource><560.8539><192.3633><0.3043483~EffectColor1~57~145~252~222.6025~0~0~None~0~0, FlareBomb><560.4238><228.6509><229~294~2~3, 
AmbientSounds: OMNI><SO_NAT-WindTunnel.ogg><31.42853><153.0902><0.1086956><1, OMNI><SO_SFX-Drowning.ogg><30.81677><240.3115><0.2065217><1, OMNI><RWTW_AR_DripWorks.ogg><161.0587><83.44116><0.1521739><1, 
FadePalette: 33, 0.9673913
