Template: wskb_settingstemplate_insidelooker
DangerType: None
WaveSpeed: 0.5
WaveLength: 0.75
WaveAmplitude: 0.03729067
SecondWaveLength: 0.1666667
SecondWaveAmplitude: 0
Grime: 0.03246539
PlacedObjects: CustomDecal><309.7061><174.3206><-103.5432~284~568.6677~291~774.7585~-33~-243.9239~-423~0~1~0~rust2~0.3701378~1~0.3701378~1~0.3701378~1~0.3701378~1, CustomDecal><301.386><366.9905><-71.68375~-174~704.0703~-174~40~0~0~0~0~1~0~rust1~0.3809595~1~0.3809595~1~0.3809595~1~0.3809595~1, ShelterSpawnPoint><580.715><285.1949><, 
