Palette: 468
PlacedObjects: CustomDecal><733.4435><133.3007><0~174~148~170~147~4~129~-217~0.2934783~1~0~whitefs~0.4673913~0.3043478~0.6847826~0.5108696~0~0.75~0.2391304~0.9130435, NoSpearStickZone><474.0193><252.6991><-230~113, Corruption><469.7><768.496><16~-69, 
FadePalette: 10, 0.2065217
