Clouds: 0.1956522
BkgDroneVolume: 0.2469565
Palette: 5
EffectColorA: 0
EffectColorB: 2
PlacedObjects: CustomDecal><310.3696><1142.402><-20~387~187~510~158~-33~-373~-45~0.6304348~1~0~rust1~0.5~0.8695652~0.5~0.8695652~0.2065217~0.8695652~0.5652174~0.8695652, CustomDecal><678.0038><286.95><-58~158~190~183~194~-14~-366~-146~0.2173913~1~0~junkgraffiti6~0.4673913~0.2717391~0.4565217~0.2717391~1~0.2717391~0.5108696~0.2717391, CustomDecal><692.5501><319.2562><-3~91~98~102~105~-9~-731~-40~0.326087~0.3913043~0~whitetag~0.2826087~0.1630435~0.6413044~0.1630435~1~0.1630435~0~0.1630435, InsectGroup><735.0502><359.492><74~118~-290~332~StandardFly~0.1847826, NeedleEgg><165.6926><701.1964><0~0~4~9, WarpPoint><541.9432><1339.442><0~0~NULL~looker~WHIR~whir_b02~530~1330~fbc14a5e-1fd7-4970-ad9c-03edcd1f029e~WatcherOnly~10~10~15~2~8~4~15~4~10~150~151~-1~0~0~false~false~false~false~false~0~-1~false, 
FadePalette: 15, 0.3478261, 0.3369565
