BkgDroneVolume: 0.2469565
Palette: 466
PlacedObjects: CustomDecal><330.085><202.0689><-7~295~320~315~269~-44~-398~-19~0.1847826~1~0~bigorangefacea~0.5117291~0.4456522~0.5117291~0.4456522~0.5117291~0.4456522~0.5117291~0.4456522, CustomDecal><461.6064><265.3306><-13~139~97~192~88~-17~-388.3865~-326~0~1~0~whitetag~0.4220511~0.4456528~0.4220511~0.4456528~0.4220511~0.4456528~0~0.4456528, CustomDecal><370.3146><277.8107><-31~102~163~84~95~-32~405.0029~-102~0~1~0~junkgraffiti2~0.229455~0.1098421~0.229455~0.1098421~0.229455~0.1098421~0.229455~0.1098421, InsectGroup><471.1974><273.057><-27~134~107.5256~162~RockFlea~0.1630435, Corruption><550.4105><420.0532><6~122, Corruption><504.0811><38.35706><-135~286, 
AmbientSounds: SPOT><Basic Mech.ogg><803.0524><163.557><0.1630435><0.668853><447.0524><132.557><-70.35535><-68.35535><0><0.3608697, 
FadePalette: 10, 0.2389873
