BkgDroneVolume: 0.2469565
Palette: 466
PlacedObjects: InsectGroup><524.3552><225.4353><-124~251~-516~59~StandardFly~0.4907537, CustomDecal><295.0601><145.8126><17~441~481~438~472~-23~572.9194~-24.99998~0.2934783~0.4673913~0~caterpillar~0.08729089~0~0.1755371~0~0.1316289~0.6195652~0~0.4891304, CustomDecal><330.0349><200.303><4~103~303~132~312~-52~-317~117~0.5978261~1~0~whitejunkarrows~0.1858328~0~0.3917339~0.1847826~0.1964161~0.5652174~0.07685089~1, WarpPoint><560.1949><470.2051><-158~16~looker~looker~WORA~wora_desert9~7670~550~~WatcherOnly~0~6~8~4~8~4~4~4~7~150~150~-1~0~0~true~false~true~true~false~0~-1~false~-1, 
FadePalette: 10, 0.0665542
