BkgDroneVolume: 0.2469565
Palette: 466
PlacedObjects: CustomDecal><645.0551><203.7949><-8~227~-549~229~-533~20~72.98828~-30.99998~0.6521739~0.7282609~0~BlueBrownButBlackWhite~0.1298616~0.6413044~0.1298616~0.6413044~0.1298616~0.6413044~0.1298616~0.6413044, DynamicWarpTarget><634.3227><535.1863><0~0~0~false~true, Corruption><54.0639><294.4405><86~112, Corruption><12.93939><442.5746><-8~106, PassiveCorruption><685.2272><315.9219><50~285~0~0~7~15~0.8~0.3~0.55~0.05~0.15~0.2~0.2~Default~Dot~Passive~2~0~1~0~1~0~1~0~1, RottenSeedCob><277.7473><363.8418><0~0~2~3, KarmaFlowerPatch><766.799><243.19><-57~231~0.541961~0~0~0.3478261~0.6630435, PrinceFilter><777.8177><218.6786><-9~49~0~0~3~1~1, 
AmbientSounds: SPOT><OM.wav><256.8094><485.5605><0.2173913><0.883124><-42.07362><388.8741><-35.35534><-35.35534><0><0.2739132, 
FadePalette: 10, 0
