BkgDroneVolume: 0.2469565
Palette: 466
PlacedObjects: CustomDecal><515.0096><187.3002><-28‾254‾361‾257‾410‾-14‾-525.6149‾-59‾0.6304348‾0.7173913‾0.2282609‾GreenRounded(hue inv)‾0.173913‾0‾0.1653353‾0‾0.1983258‾0‾0.1212845‾0.9021739, CustomDecal><848.8516><235.9223><-22‾184‾190‾242‾155‾-17‾-108.3997‾-496‾0.3043478‾0.3586957‾0‾Big Tag‾0.3378163‾0.2065217‾0.3506908‾0.04347826‾0.2289289‾0.75‾0.2641164‾0.4021739, CustomDecal><70.74182><391.5502><-47‾111‾718‾125‾681‾-67‾-291.2475‾-316‾0.6956522‾0.75‾0‾StickEyes‾0.2065217‾0‾0.3695652‾0.2608696‾0.2173913‾0.7282609‾0.01086957‾0.2608696, PassiveCorruption><135.4251><537.9258><11.94728‾79‾0‾0‾7‾15‾0.8‾0.3‾0.55‾0.05‾0.15‾0.2‾0.2‾Default‾Dot‾Passive‾2‾0‾1, PassiveCorruption><864.3103><548.9642><-1.991211‾76‾0‾0‾7‾15‾0.8‾0.3‾0.55‾0.05‾0.15‾0.2‾0.2‾Default‾Dot‾Passive‾2‾0‾1, PassiveCorruption><442.9552><501.9486><0‾100‾0‾0‾7‾15‾0.8‾0.3‾0.55‾0.05‾0.15‾0.2‾0.2‾Default‾Dot‾Passive‾2‾0‾1, GooDrips><442.472><502.7316><0‾100‾0‾0‾0.5, Corruption><500.6171><561.5959><8‾110, Corruption><817.5012><458.6527><-7‾129, KarmaFlowerPatch><251.4889><412.6111><1‾116‾0.4310396‾0‾0‾0.25‾0.5, PrinceFilter><274.4582><397.7216><-24‾36‾0‾0‾3‾1‾1, 
AmbientSounds: SPOT><SO_IND-Fridge.ogg><427.4514><401.4473><0.1632345><0.5130178><805.0326><185.4473><-111.3553><-91.35535><0><0.3391306, OMNI><AM_IND-Warehouse02.ogg><758.7287><630.1989><0.2831341><0.5122452, OMNI><SO_WAT-LilDrips.ogg><566.1837><631.6887><0><0.1, 
FadePalette: 10, 0.2828474
