BkgDroneVolume: 0.2469565
Palette: 466
PlacedObjects: CustomDecal><482.7666><230.1993><-362~189~14~333~40~0~-638~-126~0~1~0~vertical pink~0.1741041~0.6413044~0.251098~0.6413044~0.1958431~0.6413044~0.2843273~0.6413044, CustomDecal><324.2406><310.1998><-7~115~110~128~113~14~508~-372~0.5978261~0.7826087~0~wakebear~0.4255849~0.5326087~0.2077637~0.5326087~0.2402291~0.5326087~0.2077623~0.5326087, PassiveCorruption><584.2457><284.6594><-64~171~271~-457~7~15~0.8~0.3~0.55~0.05~0.15~0.2~0.2~Default~Dot~Passive~2~0~1, KarmaFlowerPatch><560.4136><329.8212><-1~114~0.5~178~55~0.2934783~0.8260869, PrinceFilter><545.0327><340.252><-31~15~0~0~3~1~1, Corruption><976.0612><565.5596><-490~-234, 
AmbientSounds: OMNI><AM_IND-Warehouse01.ogg><784.2466><419.7><0.2720735><0.5122452, SPOT><Basic Mech.ogg><816.0164><165.0504><0.1634256><0.5909348><806.2624><485.0504><-73.35535><-52.35535><0><0.3391306, 
FadePalette: 10, 0.2501911
