BkgDroneVolume: 0.2469565
Palette: 466
PlacedObjects: CustomDecal><131.6808><91.16461><-1~243~581~423~755~-46~-264.978~151~0.2717391~0.6086956~0~vertical pink~0.04433773~0.3152174~0.1531287~0.3152174~0.3824877~0.3152174~0.1217615~0.3152174, CustomDecal><441.5436><176.6952><0~139~115~134~98~-9~-292~168~0.3043478~0.3478261~0~blackcloud~0.09959213~0.1521739~0.1429271~0~0.3489241~0.7608696~0.3381023~0.6521739, CustomDecal><242.4275><193.3422><-22~64~49~95~57~3~649.3762~-144~0.3152174~1~0~whitetag~0.08767302~0~0.4799327~0.25~0.3163147~0.7173913~0.2293582~0.25, InsectGroup><253.4122><220.133><-6~67~-341~-198~Ant~0.2608696, DeadTokenStalk><688.7><465.5036><14~51, DeadTokenStalk><261.1115><498.8557><-47.03076~22, WarpPoint><660.05><440.7469><-146~80~looker~looker~WORA~wora_desert9~7690~530~~WatcherOnly~0~6~8~4~8~4~4~4~7~150~150~-1~0~0~true~false~true~true~false~0~-1~false~-1, 
FadePalette: 10, 0.1417341
