DangerType: None
CeilingDrips: 0
Clouds: 0
Grime: 0
BkgDroneVolume: 0
RandomItemDensity: 0
Palette: 10
PlacedObjects: LightSource><251.8286><590.934><0.6086956~Environment~490~-491~-391~-20.39746~0~0~None~0~0, LightSource><747.3002><92.24152><0.5978261~Environment~-497~521~-74~-88.39747~0~0~None~0~0, LightSource><233.0621><104.3183><0.6086956~Environment~515~512~50~86.60254~0~0~None~0~0, LightSource><757.9443><591.9521><0.5978261~Environment~-520~-512~107~16.60254~0~0~None~0~0, 
AmbientSounds: OMNI><AM_IND-SuperStructure.ogg><828.1998><653.0092><0.4021739><0.7456522, OMNI><AM_WIN-StrongWnd2.ogg><649.244><654.55><0.3695652><1, OMNI><SO_SFX-DataTrans2.ogg><828.8108><578.3148><0.2608696><0.8434783, 
FadePalette: 35786, 0.05434782
