WRSA_L01: 349,1277,152,193
WRSA_C01: 660,1281,150,35
WRSA_D01: 87,1318,100,75
WRSA_J01: 520,1393,256,75
WRSA_TREE01: 1090,2124,252,35
WRSA_TREE02: 1394,2084,100,75
WRSA_TREE03: 1344,2124,48,35
WRSA_TREE04: 1084,2163,48,75
WRSA_TREE05: 1033,2122,48,75
WRSA_TREE06: 1034,2202,48,75
WRSA_WEAVER: 405,10,48,35
WRSA_WEAVER02: 392,1969,72,225
WRSA_WEAVER03: 394,385,72,43
WRSA_PRINCE01: 129,2435,48,38
WRSA_PRINCE02: 71,2473,96,152
WRSA_PRINCE03: 10,2656,116,37
WRSA_WARX: 12,1103,204,211
WRSA_WBLA: 516,1329,48,35
WRSA_WPTA: 618,1332,204,35
WRSA_WRFA: 520,1154,48,118
WRSA_WRFB: 571,1199,48,35
WRSA_WRRA: 469,1233,48,35
WRSA_WSKA: 218,1286,48,35
WRSA_WSKC: 250,1247,48,35
WRSA_WSKD: 287,1290,48,35
WRSA_WTDX: 41,2272,174,121
WRSA_WVWA: 617,1239,48,35
WRSA_HUBA: 217,1336,100,35
WRSA_HUBB: 526,1282,100,35
