Template: NONE
DangerType: Blizzard
RainIntensity: 0.4130435
WaveSpeed: 0.4976611
WaveLength: 0.9988306
WaveAmplitude: 4.817634E-07
SecondWaveLength: 0.1666667
SecondWaveAmplitude: 0
Clouds: 0.1981132
Grime: 0
Palette: 455
TerrainStainAmount: 1
TerrainStainBrightness: 0.5760869
TerrainStainHeight: 0.7826087
TerrainGooHeight: 0.1022989
TerrainDepth: 0.01473457
TerrainPalette: ridgesnow
Effects: Coldness-1-20-20, FairyParticles-0.0185731-27.15213-86.38795, Fog-1-298.0176-32.02595, 
PlacedObjects: TerrainHandle><1496.359><154.7092><-25.76062~-22.21344~40~0~23.98703, TerrainHandle><1767.226><149.8335><-45.12616~-1.139145~36.45288~-7.974075~67.27475, LanternOnStick><1843.708><355.4719><102.5236~92.59549, LocalBlizzard><1569.594><424.175><5.12616~102.2783~50~86.60254~0.300413~1~0.5014735, SnowSource><1533.647><238.4576><None~-158.9115~178.6014~50~86.60254~0.4056602~1, FairyParticleSettings><1354.629><247.1239><-723.0789~-602.5071~1~2.717391~9.782609~0.5543478~1.128429~6.713982~59.78261~375~108.6956~293.4782~0~0~50.86956~140.8696~0~0~0~0~1~1~0.2826087~0~4.521739~Dandelion~SIN_IO~SIN_IO~78.26087~0.08695652~0, SnowSource><1552.023><362.3802><Strip~3.417358~39.05548~190.1156~-142.3667~1~0, DangleFruit><1477.851><284.3473><-543.9445~71.76651~3~4, DangleFruit><1446.451><261.5932><-528.5659~-9.6828~3~4, DandelionPeach><1788.406><201.2757><0~0~2~3, RippleSpawnEgg><1651.656><203.9325><, RippleEggFilter><1631.344><152.0157><0~100~0~0~0.1546651, WarpPoint><1738.407><247.3764><113~95~NULL~looker~WHIR~whir_c04~550~830~6ba04701-4525-4fc8-a74b-b749dab555e6~WatcherOnly~0~6~8~4~8~4~4~4~7~150~150~-1~0~0~true~false~false~false~false~0~-1~false, 
AmbientSounds: OMNI><RWTW_AR_SynthHell.ogg><155.4338><152.211><0.05424566><1, OMNI><RWTW_AR_RearDen.ogg><371.905><62.7837><0.1037737><0.7994099, OMNI><AM_ENV-CityTone.ogg><164.4021><56.59698><0.3576063><1, SPOT><AM_WIN-HowlingWnd.ogg><260.4451><421.2073><0.3080779><1><1564.001><319.9715><-35.35534><-35.35534><0><0.05047209, 
FadePalette: 14, 0.5628309
