WSUR_A02: 639,161,54,35
WSUR_A06: 474,164,54,35
WSUR_A17: 750,560,54,37
WSUR_A20: 321,571,54,35
WSUR_A33: 376,584,48,37
WSUR_A34: 376,571,48,35
WSUR_A35: 270,551,54,35
WSUR_A36: 417,162,54,35
WSUR_A37: 532,566,54,35
WSUR_A38: 530,164,54,35
WSUR_A39: 532,166,54,37
WSUR_A40: 798,168,50,36
WSUR_A53: 587,164,50,38
WSUR_A63: 586,563,50,36
WSUR_B04: 426,568,106,35
WSUR_B07: 692,159,104,33
WSUR_B08: 311,159,104,35
WSUR_B12: 637,560,110,35
WSUR_S04: 531,590,48,35
WSUR_S06: 223,126,48,35
GATE_WSUR_WDSR: 176,767,48,35
GATE_WSUR_WHIR: 404,668,48,35
WSUR_A04: 66,838,54,35
WSUR_A10: 186,828,54,35
WSUR_A30: 69,800,48,35
WSUR_B01: 129,796,54,78
WSUR_B09_👀: 255,158,52,78
WSUR_B10: 257,832,48,78
WSUR_B13_👀: 375,621,48,78
WSUR_B14: 65,762,105,35
WSUR_C01: 10,762,48,112
WSUR_S03: 185,802,48,35
