Template: NONE
DangerType: None
CeilingDrips: 0
WaveSpeed: 0.5386982
WaveLength: 0.9806509
WaveAmplitude: 0.0004907198
SecondWaveLength: 0.1666667
SecondWaveAmplitude: 0
Clouds: 0.1488508
Grime: 0
Palette: 453
EffectColorA: 6
Effects: ModifyEffectColorB-0.1607727,0.2162837,0.2446551-20-20, ModifyEffectColorA-0,0.3048786,0.1595399-325.8216-37.82786, Fog-0.1579555-24.87109-126.5339, 
PlacedObjects: CustomDecal><109.1427><34.6631><14.79108~658.4009~725.6102~679.2752~723.8701~20.87429~-282.7707~176.5617~0~1~1~rustymetal~0.2541126~1~0.2541126~1~0~1~0~1, CustomDecal><588.7787><795.5885><-16.53119~285.2729~237.5046~367.0305~243.5948~-31.31144~-374.1274~159.1665~0~1~1~rustb3~0.5~1~0.5~1~0.1689977~1~0.2257412~1, CustomDecal><129.6009><533.2617><-6.090485~-688.8607~689.0676~-708.8652~703.8586~11.30695~-14.79108~-394.0023~0~1~1~rustymetal(var)~0.2730271~1~0.2730271~1~0.2730271~1~0.2730271~1, WarpPoint><478.5148><565.2874><0~0~Watcher~looker~NULL~NULL~NULL~NULL~0c16d373-6d6b-4dc5-b406-ce62617ebc0c~WatcherOnly~0~6~8~4~8~4~4~4~7~150~150~-1~0~0~true~true~true~true~false~0~-1~false~-1~false~-1~false~-1~-1~-1~-1, RippleSpawnEgg><711.67><385.6242><, 
AmbientSounds: OMNI><MSC-LowGroans.ogg><83.12263><486.7726><0.2060772><0.4026733, OMNI><RWTW_AmbEmpty.ogg><275.2781><493.2285><0.5><1, SPOT><locustCloudFar.ogg><695.6874><396.7534><0.2155596><1><842.4741><1015.708><-27.5047><-106.8377><0><0.2611834, 
FadePalette: 460, 0.4539463, 0.4539461
