DangerType: FloodAndRain
WaveSpeed: 0.5434783
WaveLength: 1
WaveAmplitude: 0.4565217
SecondWaveLength: 0.1666667
SecondWaveAmplitude: 0
Effects: WaterFluxMinLevel-0.4673913-20-20, WaterFluxMaxLevel-0.4573368-211.8487-62.42667, HeavyRain-0.1606797-321.7375-74.98665, HeavyRainFlux-0.4060868-343.935-354.0267, WaterFluxMaxDelay-0.1129482-576.4162-195.8267, WaterFluxSpeed-1-543.7125-74.13334, WaterFluxMinDelay-0.1283284-409.6737-1.599998, 
PlacedObjects: CustomDecal><-175.804><126.8075><-21~490~2216~502~2360~-51~117.4484~-229.4548~0~0.6605052~0~greybones~0.2611615~1~0.2611615~1~0.2611615~1~0.2611615~1, CustomDecal><106.9832><251.6637><9~247~523~273~503~6~591.2289~-479.3081~0.09781016~0.651476~0~yellowrectangle~0.3043783~0~0.3043783~0~0.3043783~0~0.3043783~0, LightSource><976.1785><431.9601><0.1311513~Environment~216~-333~66.69293~-472.249~1~1~None~0~0, LightSource><2138.172><660.0142><0.2502561~Environment~-321~-599~-279~-688.3975~1~1~None~0~0, LightSource><1658.031><664.5614><0.216296~Environment~164~-672~-210.0062~-733.3874~1~1~None~0~0, LightSource><1298.539><716.7609><0.2282611~Environment~152~-741~-49.89249~-263.5718~1~1~None~0~0, LightSource><820.726><705.064><0.2065217~Environment~163~-724~-378.6314~-770.466~1~1~None~0~0, LightSource><416.7077><687.4217><0.2065178~Environment~64~-710~-271.1879~-745.8679~1~1~None~0~0, LightSource><-159.6707><722.4736><0.236417~Environment~488~-665~-60.02046~-800.0062~1~1~None~0~0, LillyPuck><928.0864><341.1042><0~0~2~3, LillyPuck><1156.67><334.4481><0~0~2~3, LillyPuck><1029.162><339.568><0~0~2~3, 
