DangerType: FloodAndRain
WaveSpeed: 0.5434783
WaveLength: 1
WaveAmplitude: 0.4782609
SecondWaveLength: 0.1666667
SecondWaveAmplitude: 0
Effects: WaterFluxMinLevel-0.4673913-20-20, WaterFluxMaxLevel-0.4790765-865.8487-145.4267, HeavyRain-0.1606797-321.7375-74.98665, HeavyRainFlux-0.4060868-343.935-354.0267, WaterFluxMaxDelay-0.1129482-576.4162-195.8267, WaterFluxSpeed-1-543.7125-74.13334, WaterFluxMinDelay-0.1283284-409.6737-1.599998, 
PlacedObjects: CustomDecal><-177.1029><117.0368><1~441~3595~442~3384~-90~218.9232~-318.0501~0~0.6522511~0~greybones~0.2401898~1~0.2401898~1~0.2401898~1~0.2401898~1, LightSource><3171.513><670.5724><0.2147973~Environment~-660~-545~-240~-246.3969~1~1~None~0~0, LightSource><1085.705><633.0721><0.2107159~Environment~280~-634~291~-342.3975~1~1~None~0~0, LightSource><700.5677><657.2531><0.1963129~Environment~-309~-668~-217.3114~-768.7444~1~1~None~0~0, LightSource><1606.553><651.8992><0.2159397~Environment~-373~-652~-351.999~-258.3984~1~1~None~0~0, LightSource><2070.439><661.4301><0.2293184~Environment~409~-685~-55.66174~-284.6129~1~1~None~0~0, LightSource><2565.939><671.5027><0.2283033~Environment~371~-697~-564.5931~-460.3191~1~1~None~0~0, LightSource><-153.1281><693.3468><0.2067606~Environment~395~-612~34~-156.3975~1~1~None~0~0, LightSource><249.0691><661.7449><0.1956628~Environment~-189~-604~-467.4816~-781.301~1~1~None~0~0, CustomDecal><100.6217><243.9162><1~269~510~234~506~-7~625.0071~89.01271~0.07794189~0.6520969~0~bluerectangle~0.3219339~0~0.3219339~0~0.3219339~0~0.3219339~0, 
