DangerType: FloodAndRain
WaveSpeed: 0.5434783
WaveLength: 1
WaveAmplitude: 0.4673913
SecondWaveLength: 0.1666667
SecondWaveAmplitude: 0
EffectColorB: 21
Effects: Flies-0.91122-0-0, WaterFluxMinLevel-0.4673913-20-20, WaterFluxMaxLevel-0.4682063-211.8487-62.42667, HeavyRain-0.1606797-321.7375-74.98665, HeavyRainFlux-0.4060868-343.935-354.0267, WaterFluxMaxDelay-0.1129482-576.4162-195.8267, WaterFluxSpeed-1-543.7125-74.13334, WaterFluxMinDelay-0.1283284-409.6737-1.599998, 
PlacedObjects: CustomDecal><-148.2606><41.34278><-3‾557‾3057‾557‾2999‾-45‾205.1043‾-292.6391‾0‾0.6521739‾0‾greybones‾0.265485‾1‾0.265485‾1‾0.265485‾1‾0.265485‾1, CustomDecal><5239.311><33.28962><100‾571‾-3057‾533‾-3101‾-6‾-734.9917‾-343.0272‾0‾0.6521739‾0‾greybones‾0.2823699‾1‾0.2823699‾1‾0.2823699‾1‾0.2823699‾1, CustomDecal><4505.628><220.6369><-11‾248‾504‾236‾509‾-1‾-411.0942‾-529.9358‾0.08169954‾0.6638741‾0‾redrectangle‾0.3367973‾0‾0.3367973‾0‾0.3367973‾0‾0.3367973‾0, CustomDecal><832.2176><218.7723><4‾242‾517‾264‾494‾0‾-687.623‾-515.1666‾0.07610022‾0.6533601‾0‾greenrectangle‾0.27224‾0‾0.27224‾0‾0.27224‾0‾0.27224‾0, LightSource><3545.401><643.4913><0.2171299‾Environment‾57‾-665‾-92.5116‾-752.7026‾1‾1‾None‾0‾0, LightSource><2221.985><654.7612><0.2065178‾Environment‾-15‾-700‾-49.97256‾-769.446‾1‾1‾None‾0‾0, LightSource><2690.292><652.0209><0.1810774‾Environment‾60‾-716‾-147‾-748.3975‾1‾1‾None‾0‾0, LightSource><1844.879><643.9839><0.2157712‾Environment‾21‾-696‾-150.8367‾-766.4661‾1‾1‾None‾0‾0, LightSource><1470.7><635.7059><0.217445‾Environment‾85‾-705‾-125.7781‾-740.4085‾1‾1‾None‾0‾0, LightSource><3113.649><657.4942><0.201826‾Environment‾128‾-689‾-22.99988‾-735.3975‾1‾1‾None‾0‾0, LightSource><1101.431><631.3834><0.1985885‾Environment‾-35‾-683‾-92.33246‾-734.5551‾1‾1‾None‾0‾0, LightSource><747.8329><644.3287><0.2152365‾Environment‾-9‾-732‾-227‾-750.3975‾1‾1‾None‾0‾0, LightSource><359.644><640.322><0.2281507‾Environment‾52‾-676‾-40.9827‾-728.3967‾1‾1‾None‾0‾0, LightSource><-119.4408><663.9188><0.2653137‾Environment‾145‾-676‾-111.0368‾-762.2294‾1‾1‾None‾0‾0, LightSource><4739.175><649.9215><0.1966739‾Environment‾251‾-666‾-111.6223‾-741.2501‾1‾1‾None‾0‾0, LightSource><4360.347><631.0235><0.2173913‾Environment‾30‾-705‾-119.3708‾-741.6709‾1‾1‾None‾0‾0, LightSource><5206.546><618.7374><0.2174099‾Environment‾-437‾-625‾-322.4575‾-723.7456‾1‾1‾None‾0‾0, LightSource><3974.193><634.0956><0.2282609‾Environment‾90‾-667‾-111.1531‾-743.2205‾1‾1‾None‾0‾0, 
AmbientSounds: OMNI><RWTW_RotAmb_Swarm.ogg><0><0><0.3152174><0.5304348, OMNI><RWTW_RotAmb_Low.ogg><0><0><0.4><1, 
